timestamp,ecg_measurement,qrs_detected
0.000000000000000000e+00,1.442741718509327475e-01,0.000000000000000000e+00
1.000000000000000000e+00,-5.669822073634781141e-03,0.000000000000000000e+00
2.000000000000000000e+00,-2.217846699833814217e-01,0.000000000000000000e+00
3.000000000000000000e+00,-1.104110550194953161e-01,0.000000000000000000e+00
4.000000000000000000e+00,-3.578439900258520989e-01,0.000000000000000000e+00
5.000000000000000000e+00,-3.228160223430285303e-01,0.000000000000000000e+00
6.000000000000000000e+00,-1.858527415518908266e-01,0.000000000000000000e+00
7.000000000000000000e+00,-2.446418984494685700e-01,0.000000000000000000e+00
8.000000000000000000e+00,-1.436920686687647164e-01,0.000000000000000000e+00
9.000000000000000000e+00,-6.535283851005685429e-02,0.000000000000000000e+00
1.000000000000000000e+01,-2.132635653616757609e-01,0.000000000000000000e+00
1.100000000000000000e+01,-6.167416318342182346e-02,0.000000000000000000e+00
1.200000000000000000e+01,-3.070149493563497679e-03,0.000000000000000000e+00
1.300000000000000000e+01,5.978680655941916861e-02,0.000000000000000000e+00
1.400000000000000000e+01,1.190946089067307506e-01,0.000000000000000000e+00
1.500000000000000000e+01,4.413152293487378197e-02,0.000000000000000000e+00
1.600000000000000000e+01,-2.648933377104819784e-02,0.000000000000000000e+00
1.700000000000000000e+01,1.527984808263896932e-01,0.000000000000000000e+00
1.800000000000000000e+01,9.091477386432124733e-04,0.000000000000000000e+00
1.900000000000000000e+01,5.451916643816244468e-02,0.000000000000000000e+00
2.000000000000000000e+01,1.237076418447984466e-01,0.000000000000000000e+00
2.100000000000000000e+01,3.183766484739572467e-02,0.000000000000000000e+00
2.200000000000000000e+01,1.335564829245092927e-02,0.000000000000000000e+00
2.300000000000000000e+01,2.158508961692802430e-01,0.000000000000000000e+00
2.400000000000000000e+01,-7.044217964867688364e-02,0.000000000000000000e+00
2.500000000000000000e+01,2.228005489460758992e-01,0.000000000000000000e+00
2.600000000000000000e+01,4.835376661565387452e-02,0.000000000000000000e+00
2.700000000000000000e+01,2.952140680884230983e-01,0.000000000000000000e+00
2.800000000000000000e+01,2.448966009163318636e-01,0.000000000000000000e+00
2.900000000000000000e+01,4.892289129778318868e-01,0.000000000000000000e+00
3.000000000000000000e+01,5.471743321461199905e-01,0.000000000000000000e+00
3.100000000000000000e+01,3.254746953401242981e-01,0.000000000000000000e+00
3.200000000000000000e+01,-2.905331109365054121e-01,0.000000000000000000e+00
3.300000000000000000e+01,-1.950203302327983002e-01,0.000000000000000000e+00
3.400000000000000000e+01,-4.524632542023268589e-01,0.000000000000000000e+00
3.500000000000000000e+01,-5.416948996240663478e-02,0.000000000000000000e+00
3.600000000000000000e+01,-6.019353655095278643e-01,0.000000000000000000e+00
3.700000000000000000e+01,1.653626768933882829e+00,0.000000000000000000e+00
3.800000000000000000e+01,6.158158838206218455e+00,0.000000000000000000e+00
3.900000000000000000e+01,-2.365169124233909681e+00,1.000000000000000000e+00
4.000000000000000000e+01,-1.459029600260878690e+00,0.000000000000000000e+00
4.100000000000000000e+01,-1.088235748560717031e+00,0.000000000000000000e+00
4.200000000000000000e+01,-8.948822534187070854e-01,0.000000000000000000e+00
4.300000000000000000e+01,-8.827783522876979649e-01,0.000000000000000000e+00
4.400000000000000000e+01,-5.595827827458417225e-01,0.000000000000000000e+00
4.500000000000000000e+01,-5.573827723705265802e-01,0.000000000000000000e+00
4.600000000000000000e+01,-3.634380636737758463e-01,0.000000000000000000e+00
4.700000000000000000e+01,-2.616757099600618419e-01,0.000000000000000000e+00
4.800000000000000000e+01,-3.507615009848055743e-01,0.000000000000000000e+00
4.900000000000000000e+01,-3.771016737671229607e-02,0.000000000000000000e+00
5.000000000000000000e+01,-3.577535620904416236e-01,0.000000000000000000e+00
5.100000000000000000e+01,3.589019236029526994e-01,0.000000000000000000e+00
5.200000000000000000e+01,6.235587973410298274e-02,0.000000000000000000e+00
5.300000000000000000e+01,3.469546325402873554e-01,0.000000000000000000e+00
5.400000000000000000e+01,3.163216794421377931e-01,0.000000000000000000e+00
5.500000000000000000e+01,1.545589143424063172e-01,0.000000000000000000e+00
5.600000000000000000e+01,-9.685376941565705666e-02,0.000000000000000000e+00
5.700000000000000000e+01,-1.179993821274111926e-01,0.000000000000000000e+00
5.800000000000000000e+01,-3.359631136401971530e-01,0.000000000000000000e+00
5.900000000000000000e+01,-1.457642417841831517e-01,0.000000000000000000e+00
6.000000000000000000e+01,-2.852745335042630170e-01,0.000000000000000000e+00
6.100000000000000000e+01,-1.073326705377616597e-01,0.000000000000000000e+00
6.200000000000000000e+01,-3.808400812943321667e-01,0.000000000000000000e+00
6.300000000000000000e+01,-7.076566892381484786e-02,0.000000000000000000e+00
6.400000000000000000e+01,-2.270304450908965099e-01,0.000000000000000000e+00
6.500000000000000000e+01,1.123782789220983541e-01,0.000000000000000000e+00
6.600000000000000000e+01,-6.857993174835300132e-02,0.000000000000000000e+00
6.700000000000000000e+01,4.701761393515391935e-02,0.000000000000000000e+00
6.800000000000000000e+01,-6.538712477043679208e-03,0.000000000000000000e+00
6.900000000000000000e+01,1.466712659846103606e-01,0.000000000000000000e+00
7.000000000000000000e+01,-9.285595306567848151e-02,0.000000000000000000e+00
7.100000000000000000e+01,3.278566233312009137e-01,0.000000000000000000e+00
7.200000000000000000e+01,-8.605408370560420350e-02,0.000000000000000000e+00
7.300000000000000000e+01,2.260462739246233699e-01,0.000000000000000000e+00
7.400000000000000000e+01,-1.293028768230948186e-02,0.000000000000000000e+00
7.500000000000000000e+01,1.815623568542742705e-01,0.000000000000000000e+00
7.600000000000000000e+01,6.655056929521178943e-02,0.000000000000000000e+00
7.700000000000000000e+01,1.887043093755907675e-01,0.000000000000000000e+00
7.800000000000000000e+01,1.674849128361374506e-01,0.000000000000000000e+00
7.900000000000000000e+01,1.870404808431800070e-01,0.000000000000000000e+00
8.000000000000000000e+01,1.437412671420912162e-02,0.000000000000000000e+00
8.100000000000000000e+01,3.054251319074501869e-01,0.000000000000000000e+00
8.200000000000000000e+01,1.118388785070533603e-01,0.000000000000000000e+00
8.300000000000000000e+01,4.299942468483691216e-01,0.000000000000000000e+00
8.400000000000000000e+01,8.086092144461592968e-02,0.000000000000000000e+00
8.500000000000000000e+01,6.472820935124542485e-01,0.000000000000000000e+00
8.600000000000000000e+01,6.592724740566194841e-01,0.000000000000000000e+00
8.700000000000000000e+01,3.466320865339412860e-01,0.000000000000000000e+00
8.800000000000000000e+01,-5.325798663656776677e-01,0.000000000000000000e+00
8.900000000000000000e+01,6.716148122852870495e-02,0.000000000000000000e+00
9.000000000000000000e+01,-7.278993102923430047e-01,0.000000000000000000e+00
9.100000000000000000e+01,2.308525386643947575e-01,0.000000000000000000e+00
9.200000000000000000e+01,-7.636018944016428334e-01,0.000000000000000000e+00
9.300000000000000000e+01,3.219904605456614721e+00,0.000000000000000000e+00
9.400000000000000000e+01,4.963367549913957788e+00,0.000000000000000000e+00
9.500000000000000000e+01,-3.416371442791664048e+00,1.000000000000000000e+00
9.600000000000000000e+01,-8.501191381031322214e-01,0.000000000000000000e+00
9.700000000000000000e+01,-1.323484817293903992e+00,0.000000000000000000e+00
9.800000000000000000e+01,-7.311366240576244735e-01,0.000000000000000000e+00
9.900000000000000000e+01,-7.430513336450745854e-01,0.000000000000000000e+00
1.000000000000000000e+02,-3.828457629236591830e-01,0.000000000000000000e+00
1.010000000000000000e+02,-7.172155888468989549e-01,0.000000000000000000e+00
1.020000000000000000e+02,-3.797695223950054433e-01,0.000000000000000000e+00
1.030000000000000000e+02,-3.956043089047356909e-01,0.000000000000000000e+00
1.040000000000000000e+02,-7.227692260119555900e-02,0.000000000000000000e+00
1.050000000000000000e+02,-2.403510367895607958e-01,0.000000000000000000e+00
1.060000000000000000e+02,4.319867040648536771e-02,0.000000000000000000e+00
1.070000000000000000e+02,-3.704147396574182516e-02,0.000000000000000000e+00
1.080000000000000000e+02,8.966032571017598651e-02,0.000000000000000000e+00
1.090000000000000000e+02,1.878340574352315995e-01,0.000000000000000000e+00
1.100000000000000000e+02,2.373522180249993396e-01,0.000000000000000000e+00
1.110000000000000000e+02,-1.452995784570130979e-03,0.000000000000000000e+00
1.120000000000000000e+02,-1.196283257295346347e-01,0.000000000000000000e+00
1.130000000000000000e+02,-3.059719899899125406e-01,0.000000000000000000e+00
1.140000000000000000e+02,-2.548733526517406589e-01,0.000000000000000000e+00
1.150000000000000000e+02,-3.453865706933333390e-01,0.000000000000000000e+00
1.160000000000000000e+02,-4.342057881350569470e-01,0.000000000000000000e+00
1.170000000000000000e+02,-1.627034884704941509e-01,0.000000000000000000e+00
1.180000000000000000e+02,-3.191964992670110468e-01,0.000000000000000000e+00
1.190000000000000000e+02,-1.966127807074011524e-01,0.000000000000000000e+00
1.200000000000000000e+02,-2.383124099473964141e-01,0.000000000000000000e+00
1.210000000000000000e+02,-1.014917162947099605e-01,0.000000000000000000e+00
1.220000000000000000e+02,-2.587150914928664294e-02,0.000000000000000000e+00
1.230000000000000000e+02,1.339283123253125207e-01,0.000000000000000000e+00
1.240000000000000000e+02,-8.814885794217361403e-02,0.000000000000000000e+00
1.250000000000000000e+02,1.651809522677760989e-01,0.000000000000000000e+00
1.260000000000000000e+02,-1.635025453715596017e-02,0.000000000000000000e+00
1.270000000000000000e+02,2.012602515693917571e-01,0.000000000000000000e+00
1.280000000000000000e+02,5.636090639853151563e-02,0.000000000000000000e+00
1.290000000000000000e+02,1.560441087443792396e-01,0.000000000000000000e+00
1.300000000000000000e+02,2.080103299169159536e-01,0.000000000000000000e+00
1.310000000000000000e+02,-2.194791728712388798e-03,0.000000000000000000e+00
1.320000000000000000e+02,1.600671048272166719e-01,0.000000000000000000e+00
1.330000000000000000e+02,2.338896099184518407e-01,0.000000000000000000e+00
1.340000000000000000e+02,1.362706255645647069e-01,0.000000000000000000e+00
1.350000000000000000e+02,1.272193633973644766e-01,0.000000000000000000e+00
1.360000000000000000e+02,2.321563521279720876e-01,0.000000000000000000e+00
1.370000000000000000e+02,4.977103068445287160e-01,0.000000000000000000e+00
1.380000000000000000e+02,3.321700696428779298e-01,0.000000000000000000e+00
1.390000000000000000e+02,7.642161575103995075e-01,0.000000000000000000e+00
1.400000000000000000e+02,3.365543627831377727e-01,0.000000000000000000e+00
1.410000000000000000e+02,3.469317456039314879e-02,0.000000000000000000e+00
1.420000000000000000e+02,-4.127927723272376559e-01,0.000000000000000000e+00
1.430000000000000000e+02,2.654687388860990996e-02,0.000000000000000000e+00
1.440000000000000000e+02,-6.086781369824491028e-01,0.000000000000000000e+00
1.450000000000000000e+02,3.904072964668468537e-01,0.000000000000000000e+00
1.460000000000000000e+02,-2.342561022582974606e-01,0.000000000000000000e+00
1.470000000000000000e+02,6.256646099947303696e+00,0.000000000000000000e+00
1.480000000000000000e+02,-5.496574246003521624e-01,1.000000000000000000e+00
1.490000000000000000e+02,-2.876953463600635974e+00,0.000000000000000000e+00
1.500000000000000000e+02,-3.802920076047147657e-01,0.000000000000000000e+00
1.510000000000000000e+02,-1.099743335233820174e+00,0.000000000000000000e+00
1.520000000000000000e+02,-3.606930949180021662e-01,0.000000000000000000e+00
1.530000000000000000e+02,-7.181353877833780430e-01,0.000000000000000000e+00
1.540000000000000000e+02,-1.518319150455818278e-01,0.000000000000000000e+00
1.550000000000000000e+02,-4.178358205151170846e-01,0.000000000000000000e+00
1.560000000000000000e+02,-1.799361622264407934e-01,0.000000000000000000e+00
1.570000000000000000e+02,-3.061933684006292733e-01,0.000000000000000000e+00
1.580000000000000000e+02,5.677323269368235448e-02,0.000000000000000000e+00
1.590000000000000000e+02,-1.627482627981849117e-01,0.000000000000000000e+00
1.600000000000000000e+02,1.373196876622652385e-01,0.000000000000000000e+00
1.610000000000000000e+02,1.068127112438294196e-01,0.000000000000000000e+00
1.620000000000000000e+02,4.529483139263637548e-01,0.000000000000000000e+00
1.630000000000000000e+02,1.538795072713429746e-01,0.000000000000000000e+00
1.640000000000000000e+02,2.250426973817800103e-01,0.000000000000000000e+00
1.650000000000000000e+02,-1.624274552462135757e-01,0.000000000000000000e+00
1.660000000000000000e+02,-2.058531970976839043e-01,0.000000000000000000e+00
1.670000000000000000e+02,-2.647916137345273091e-01,0.000000000000000000e+00
1.680000000000000000e+02,-2.795158169042352703e-01,0.000000000000000000e+00
1.690000000000000000e+02,-3.194071162437546185e-01,0.000000000000000000e+00
1.700000000000000000e+02,-2.442384903728247181e-01,0.000000000000000000e+00
1.710000000000000000e+02,-3.339565764819634186e-01,0.000000000000000000e+00
1.720000000000000000e+02,-3.324963467836833941e-01,0.000000000000000000e+00
1.730000000000000000e+02,-1.417820097598753437e-01,0.000000000000000000e+00
1.740000000000000000e+02,-1.420450901857434334e-01,0.000000000000000000e+00
1.750000000000000000e+02,-1.490588397444574942e-01,0.000000000000000000e+00
1.760000000000000000e+02,-1.167197149305175020e-02,0.000000000000000000e+00
1.770000000000000000e+02,-1.575899786973892769e-01,0.000000000000000000e+00
1.780000000000000000e+02,1.510482810545188924e-02,0.000000000000000000e+00
1.790000000000000000e+02,6.483108910903328907e-03,0.000000000000000000e+00
1.800000000000000000e+02,-9.440969782998857862e-02,0.000000000000000000e+00
1.810000000000000000e+02,1.015763720186063784e-01,0.000000000000000000e+00
1.820000000000000000e+02,3.610409408473218285e-02,0.000000000000000000e+00
1.830000000000000000e+02,2.950258561626419029e-02,0.000000000000000000e+00
1.840000000000000000e+02,2.852521587308125550e-01,0.000000000000000000e+00
1.850000000000000000e+02,-1.514047160842690865e-01,0.000000000000000000e+00
1.860000000000000000e+02,2.585073081275132134e-01,0.000000000000000000e+00
1.870000000000000000e+02,8.888407302652473474e-02,0.000000000000000000e+00
1.880000000000000000e+02,4.886330985636600510e-01,0.000000000000000000e+00
1.890000000000000000e+02,3.522862057310128248e-01,0.000000000000000000e+00
1.900000000000000000e+02,6.798581128862072331e-01,0.000000000000000000e+00
1.910000000000000000e+02,4.333935233167189316e-01,0.000000000000000000e+00
1.920000000000000000e+02,5.121106435483080421e-01,0.000000000000000000e+00
1.930000000000000000e+02,-4.158855856919004279e-01,0.000000000000000000e+00
1.940000000000000000e+02,-3.698764407376364804e-02,0.000000000000000000e+00
1.950000000000000000e+02,-5.115346342202555796e-01,0.000000000000000000e+00
1.960000000000000000e+02,1.341474974831730338e-01,0.000000000000000000e+00
1.970000000000000000e+02,-3.802266479349536987e-01,0.000000000000000000e+00
1.980000000000000000e+02,3.143059221918579116e+00,0.000000000000000000e+00
1.990000000000000000e+02,4.457628525190329150e+00,0.000000000000000000e+00
2.000000000000000000e+02,-3.561794087100909501e+00,1.000000000000000000e+00
2.010000000000000000e+02,-8.132615360300055052e-01,0.000000000000000000e+00
2.020000000000000000e+02,-9.964391222311016483e-01,0.000000000000000000e+00
2.030000000000000000e+02,-2.353546219332790512e-01,0.000000000000000000e+00
2.040000000000000000e+02,-7.174016491531541861e-01,0.000000000000000000e+00
2.050000000000000000e+02,-9.241894702509698481e-03,0.000000000000000000e+00
2.060000000000000000e+02,-5.885968143342290571e-01,0.000000000000000000e+00
2.070000000000000000e+02,4.166299938848948281e-03,0.000000000000000000e+00
2.080000000000000000e+02,-3.865128091702934032e-01,0.000000000000000000e+00
2.090000000000000000e+02,-1.486646129161605656e-01,0.000000000000000000e+00
2.100000000000000000e+02,-9.993314439115129344e-02,0.000000000000000000e+00
2.110000000000000000e+02,2.089432089309851692e-01,0.000000000000000000e+00
2.120000000000000000e+02,-1.085197605776998947e-02,0.000000000000000000e+00
2.130000000000000000e+02,3.243304405864285700e-01,0.000000000000000000e+00
2.140000000000000000e+02,1.440921382620976576e-01,0.000000000000000000e+00
2.150000000000000000e+02,4.940155150845069731e-01,0.000000000000000000e+00
2.160000000000000000e+02,-1.093039027712049693e-01,0.000000000000000000e+00
2.170000000000000000e+02,1.235557406646435874e-01,0.000000000000000000e+00
2.180000000000000000e+02,-2.844093489587066204e-01,0.000000000000000000e+00
2.190000000000000000e+02,-1.376843953388094122e-01,0.000000000000000000e+00
2.200000000000000000e+02,-5.017467506918779074e-01,0.000000000000000000e+00
2.210000000000000000e+02,-1.468609394420195557e-01,0.000000000000000000e+00
2.220000000000000000e+02,-3.558635817619095754e-01,0.000000000000000000e+00
2.230000000000000000e+02,-4.135502879196765319e-02,0.000000000000000000e+00
2.240000000000000000e+02,-2.595875563166205047e-01,0.000000000000000000e+00
2.250000000000000000e+02,-8.896125404397854652e-02,0.000000000000000000e+00
2.260000000000000000e+02,-1.910497586677556148e-01,0.000000000000000000e+00
2.270000000000000000e+02,-2.455417149928223672e-02,0.000000000000000000e+00
2.280000000000000000e+02,-2.162597385648931947e-01,0.000000000000000000e+00
2.290000000000000000e+02,3.060526747568708128e-01,0.000000000000000000e+00
2.300000000000000000e+02,-1.257585312488450069e-01,0.000000000000000000e+00
2.310000000000000000e+02,2.343241077586341037e-01,0.000000000000000000e+00
2.320000000000000000e+02,-4.077653466266355914e-02,0.000000000000000000e+00
2.330000000000000000e+02,2.524482294660653769e-01,0.000000000000000000e+00
2.340000000000000000e+02,-2.187939139423253354e-01,0.000000000000000000e+00
2.350000000000000000e+02,8.246314084225060681e-02,0.000000000000000000e+00
2.360000000000000000e+02,8.865242279300486472e-02,0.000000000000000000e+00
2.370000000000000000e+02,1.666168782717400432e-01,0.000000000000000000e+00
2.380000000000000000e+02,-1.875847319769937960e-01,0.000000000000000000e+00
2.390000000000000000e+02,3.817605912782900401e-01,0.000000000000000000e+00
2.400000000000000000e+02,4.671276999494387155e-02,0.000000000000000000e+00
2.410000000000000000e+02,5.017974291177499380e-01,0.000000000000000000e+00
2.420000000000000000e+02,1.042521735597872062e-01,0.000000000000000000e+00
2.430000000000000000e+02,8.224718783896134422e-01,0.000000000000000000e+00
2.440000000000000000e+02,3.946000621147980336e-01,0.000000000000000000e+00
2.450000000000000000e+02,5.024202673156269450e-01,0.000000000000000000e+00
2.460000000000000000e+02,-3.605737001328731539e-01,0.000000000000000000e+00
2.470000000000000000e+02,1.423080794461025200e-01,0.000000000000000000e+00
2.480000000000000000e+02,-6.585980892981271317e-01,0.000000000000000000e+00
2.490000000000000000e+02,4.291183546441578178e-01,0.000000000000000000e+00
2.500000000000000000e+02,-8.223621120490142156e-01,0.000000000000000000e+00
2.510000000000000000e+02,4.148988910706348676e+00,0.000000000000000000e+00
2.520000000000000000e+02,4.209712497143270227e+00,0.000000000000000000e+00
2.530000000000000000e+02,-3.458514842325052907e+00,1.000000000000000000e+00
2.540000000000000000e+02,-5.155360767711858472e-01,0.000000000000000000e+00
2.550000000000000000e+02,-1.463662270966835433e+00,0.000000000000000000e+00
2.560000000000000000e+02,-3.722971066646795779e-01,0.000000000000000000e+00
2.570000000000000000e+02,-9.811039593411257087e-01,0.000000000000000000e+00
2.580000000000000000e+02,-2.116333211506058742e-01,0.000000000000000000e+00
2.590000000000000000e+02,-6.036225567720195917e-01,0.000000000000000000e+00
2.600000000000000000e+02,-3.301219514884983219e-01,0.000000000000000000e+00
2.610000000000000000e+02,-6.008892068326349145e-01,0.000000000000000000e+00
2.620000000000000000e+02,-1.898009739286952713e-01,0.000000000000000000e+00
2.630000000000000000e+02,-1.831172474706798114e-01,0.000000000000000000e+00
2.640000000000000000e+02,-1.151153757714394044e-01,0.000000000000000000e+00
2.650000000000000000e+02,1.354861863793175398e-03,0.000000000000000000e+00
2.660000000000000000e+02,1.312778825857724707e-01,0.000000000000000000e+00
2.670000000000000000e+02,1.135978764895810150e-01,0.000000000000000000e+00
2.680000000000000000e+02,3.716278840449119825e-01,0.000000000000000000e+00
2.690000000000000000e+02,-1.268898496628777794e-01,0.000000000000000000e+00
2.700000000000000000e+02,-2.216805768455651637e-01,0.000000000000000000e+00
2.710000000000000000e+02,-2.396045781116988294e-01,0.000000000000000000e+00
2.720000000000000000e+02,-2.502175096134479082e-01,0.000000000000000000e+00
2.730000000000000000e+02,-2.982137355498077347e-01,0.000000000000000000e+00
2.740000000000000000e+02,-3.045223324609774851e-01,0.000000000000000000e+00
2.750000000000000000e+02,-3.600478003761729551e-01,0.000000000000000000e+00
2.760000000000000000e+02,-2.285079881334302343e-01,0.000000000000000000e+00
2.770000000000000000e+02,-2.071413317739175253e-01,0.000000000000000000e+00
2.780000000000000000e+02,-1.431555951464715259e-01,0.000000000000000000e+00
2.790000000000000000e+02,-1.273807809303024174e-01,0.000000000000000000e+00
2.800000000000000000e+02,3.593710160106877022e-02,0.000000000000000000e+00
2.810000000000000000e+02,-1.181764464294370737e-01,0.000000000000000000e+00
2.820000000000000000e+02,9.065491800767788710e-02,0.000000000000000000e+00
2.830000000000000000e+02,3.629333529537438069e-02,0.000000000000000000e+00
2.840000000000000000e+02,-5.663694258304297589e-03,0.000000000000000000e+00
2.850000000000000000e+02,1.045224938619914862e-01,0.000000000000000000e+00
2.860000000000000000e+02,-8.440258352606670386e-03,0.000000000000000000e+00
2.870000000000000000e+02,1.220322465508545534e-01,0.000000000000000000e+00
2.880000000000000000e+02,1.460607903656735984e-01,0.000000000000000000e+00
2.890000000000000000e+02,4.580173151829311159e-03,0.000000000000000000e+00
2.900000000000000000e+02,-3.634972097128304214e-02,0.000000000000000000e+00
2.910000000000000000e+02,8.936419488718221060e-02,0.000000000000000000e+00
2.920000000000000000e+02,1.661433008427026514e-01,0.000000000000000000e+00
2.930000000000000000e+02,2.120014500033410784e-02,0.000000000000000000e+00
2.940000000000000000e+02,2.312090399676652863e-01,0.000000000000000000e+00
2.950000000000000000e+02,1.487815002986183355e-01,0.000000000000000000e+00
2.960000000000000000e+02,3.860637673254505020e-01,0.000000000000000000e+00
2.970000000000000000e+02,6.832223505814232212e-01,0.000000000000000000e+00
2.980000000000000000e+02,5.184396259573882393e-01,0.000000000000000000e+00
2.990000000000000000e+02,5.116333972861295543e-01,0.000000000000000000e+00
3.000000000000000000e+02,-4.185945136802139421e-01,0.000000000000000000e+00
3.010000000000000000e+02,5.770246425362126480e-02,0.000000000000000000e+00
3.020000000000000000e+02,-5.363278085450049470e-01,0.000000000000000000e+00
3.030000000000000000e+02,3.104280279258331277e-01,0.000000000000000000e+00
3.040000000000000000e+02,-8.954357536687022057e-01,0.000000000000000000e+00
3.050000000000000000e+02,3.608230017621351315e+00,0.000000000000000000e+00
3.060000000000000000e+02,4.715443099556211770e+00,0.000000000000000000e+00
3.070000000000000000e+02,-3.427328296806780195e+00,1.000000000000000000e+00
3.080000000000000000e+02,-4.856143061197973343e-01,0.000000000000000000e+00
3.090000000000000000e+02,-1.496937296458510813e+00,0.000000000000000000e+00
3.100000000000000000e+02,-5.968940627479328853e-01,0.000000000000000000e+00
3.110000000000000000e+02,-9.738227310836210515e-01,0.000000000000000000e+00
3.120000000000000000e+02,-2.455807712046135516e-01,0.000000000000000000e+00
3.130000000000000000e+02,-5.840092784316130992e-01,0.000000000000000000e+00
3.140000000000000000e+02,-3.074729345290888594e-01,0.000000000000000000e+00
3.150000000000000000e+02,-5.203694975031356584e-01,0.000000000000000000e+00
3.160000000000000000e+02,-7.208747457782251067e-02,0.000000000000000000e+00
3.170000000000000000e+02,-2.650640468194228050e-01,0.000000000000000000e+00
3.180000000000000000e+02,1.016437710772453706e-01,0.000000000000000000e+00
3.190000000000000000e+02,-1.693466851861080702e-01,0.000000000000000000e+00
3.200000000000000000e+02,4.267659025069288625e-01,0.000000000000000000e+00
3.210000000000000000e+02,7.806603209927664988e-02,0.000000000000000000e+00
3.220000000000000000e+02,3.620980896827756257e-01,0.000000000000000000e+00
3.230000000000000000e+02,-7.636921064932408916e-03,0.000000000000000000e+00
3.240000000000000000e+02,-1.254678807206413838e-01,0.000000000000000000e+00
3.250000000000000000e+02,-3.422326770152493980e-01,0.000000000000000000e+00
3.260000000000000000e+02,-8.238465140260325947e-02,0.000000000000000000e+00
3.270000000000000000e+02,-2.903871432803999397e-01,0.000000000000000000e+00
3.280000000000000000e+02,-1.611835306152464842e-01,0.000000000000000000e+00
3.290000000000000000e+02,-3.370068217013060252e-01,0.000000000000000000e+00
3.300000000000000000e+02,-1.319876077599768105e-01,0.000000000000000000e+00
3.310000000000000000e+02,-4.169035934502661189e-01,0.000000000000000000e+00
3.320000000000000000e+02,-5.176021215839867601e-02,0.000000000000000000e+00
3.330000000000000000e+02,-1.844741445024547788e-01,0.000000000000000000e+00
3.340000000000000000e+02,-3.140719555660452522e-02,0.000000000000000000e+00
3.350000000000000000e+02,-7.828446278669766445e-02,0.000000000000000000e+00
3.360000000000000000e+02,1.636438804399792113e-01,0.000000000000000000e+00
3.370000000000000000e+02,-1.627123195899481400e-01,0.000000000000000000e+00
3.380000000000000000e+02,8.487805877556690859e-02,0.000000000000000000e+00
3.390000000000000000e+02,1.093724321972391472e-01,0.000000000000000000e+00
3.400000000000000000e+02,3.739936669695538562e-02,0.000000000000000000e+00
3.410000000000000000e+02,8.333101714962418138e-02,0.000000000000000000e+00
3.420000000000000000e+02,2.633511813780476940e-01,0.000000000000000000e+00
3.430000000000000000e+02,-1.492074369680166934e-01,0.000000000000000000e+00
3.440000000000000000e+02,1.213511288566075236e-01,0.000000000000000000e+00
3.450000000000000000e+02,-4.080159736372263035e-02,0.000000000000000000e+00
3.460000000000000000e+02,6.303351498912991568e-02,0.000000000000000000e+00
3.470000000000000000e+02,2.867378426541166148e-01,0.000000000000000000e+00
3.480000000000000000e+02,3.987926184171243782e-01,0.000000000000000000e+00
3.490000000000000000e+02,1.898716934242602183e-01,0.000000000000000000e+00
3.500000000000000000e+02,7.731986704123947618e-01,0.000000000000000000e+00
3.510000000000000000e+02,3.710654946838056745e-01,0.000000000000000000e+00
3.520000000000000000e+02,3.455131279991802695e-01,0.000000000000000000e+00
3.530000000000000000e+02,-6.156524393274621643e-01,0.000000000000000000e+00
3.540000000000000000e+02,-2.814085114923561490e-02,0.000000000000000000e+00
3.550000000000000000e+02,-5.546352464850234920e-01,0.000000000000000000e+00
3.560000000000000000e+02,3.057032826030574579e-01,0.000000000000000000e+00
3.570000000000000000e+02,-4.710405609292467322e-01,0.000000000000000000e+00
3.580000000000000000e+02,6.094634796861189585e+00,0.000000000000000000e+00
3.590000000000000000e+02,4.379169073053139072e-01,1.000000000000000000e+00
3.600000000000000000e+02,-3.202085001967625022e+00,0.000000000000000000e+00
3.610000000000000000e+02,-2.243479095305699056e-01,0.000000000000000000e+00
3.620000000000000000e+02,-1.221732876074838936e+00,0.000000000000000000e+00
3.630000000000000000e+02,-3.109362449912554949e-01,0.000000000000000000e+00
3.640000000000000000e+02,-7.886702223269322909e-01,0.000000000000000000e+00
3.650000000000000000e+02,-7.975242785151322178e-02,0.000000000000000000e+00
3.660000000000000000e+02,-6.780342544275406169e-01,0.000000000000000000e+00
3.670000000000000000e+02,8.239368340766432819e-02,0.000000000000000000e+00
3.680000000000000000e+02,-4.095739504482824866e-01,0.000000000000000000e+00
3.690000000000000000e+02,1.937246792767201992e-02,0.000000000000000000e+00
3.700000000000000000e+02,-1.756872127371260361e-01,0.000000000000000000e+00
3.710000000000000000e+02,3.260506423728046221e-01,0.000000000000000000e+00
3.720000000000000000e+02,1.617904964737897078e-01,0.000000000000000000e+00
3.730000000000000000e+02,2.730726439788424553e-01,0.000000000000000000e+00
3.740000000000000000e+02,1.166046478140392584e-01,0.000000000000000000e+00
3.750000000000000000e+02,4.968550126325785854e-01,0.000000000000000000e+00
3.760000000000000000e+02,-3.409448938444323979e-02,0.000000000000000000e+00
3.770000000000000000e+02,-1.298386516158618262e-02,0.000000000000000000e+00
3.780000000000000000e+02,-2.872742943820708605e-01,0.000000000000000000e+00
3.790000000000000000e+02,-1.956645911634129209e-01,0.000000000000000000e+00
3.800000000000000000e+02,-2.977749423095289449e-01,0.000000000000000000e+00
3.810000000000000000e+02,-3.913387890035848610e-02,0.000000000000000000e+00
3.820000000000000000e+02,-3.079070801036801197e-01,0.000000000000000000e+00
3.830000000000000000e+02,-3.282725747351975670e-02,0.000000000000000000e+00
3.840000000000000000e+02,-3.588392513388271032e-01,0.000000000000000000e+00
3.850000000000000000e+02,1.826072356702709842e-01,0.000000000000000000e+00
3.860000000000000000e+02,-2.556926771075139770e-01,0.000000000000000000e+00
3.870000000000000000e+02,1.241185176578008531e-01,0.000000000000000000e+00
3.880000000000000000e+02,-6.156508341988657651e-02,0.000000000000000000e+00
3.890000000000000000e+02,5.299630412794909678e-02,0.000000000000000000e+00
3.900000000000000000e+02,-8.446854592294779362e-02,0.000000000000000000e+00
3.910000000000000000e+02,3.121413981291745743e-01,0.000000000000000000e+00
3.920000000000000000e+02,-1.357789400267796209e-01,0.000000000000000000e+00
3.930000000000000000e+02,2.850271567399458861e-01,0.000000000000000000e+00
3.940000000000000000e+02,-9.046465270361706001e-02,0.000000000000000000e+00
3.950000000000000000e+02,2.273663299577740882e-01,0.000000000000000000e+00
3.960000000000000000e+02,-1.681279778000515923e-01,0.000000000000000000e+00
3.970000000000000000e+02,3.587362157004642671e-01,0.000000000000000000e+00
3.980000000000000000e+02,-1.784113859181019404e-02,0.000000000000000000e+00
3.990000000000000000e+02,4.879386022213743623e-01,0.000000000000000000e+00
4.000000000000000000e+02,2.622734827760253573e-01,0.000000000000000000e+00
4.010000000000000000e+02,7.069927378107173643e-01,0.000000000000000000e+00
4.020000000000000000e+02,2.483386590303045538e-01,0.000000000000000000e+00
4.030000000000000000e+02,1.680199945509862069e-01,0.000000000000000000e+00
4.040000000000000000e+02,-6.637740856039889836e-01,0.000000000000000000e+00
4.050000000000000000e+02,1.753256427542256024e-01,0.000000000000000000e+00
4.060000000000000000e+02,-6.644579882183442310e-01,0.000000000000000000e+00
4.070000000000000000e+02,3.937730256234800996e-01,0.000000000000000000e+00
4.080000000000000000e+02,-7.465481008819294662e-01,0.000000000000000000e+00
4.090000000000000000e+02,5.337784743522664854e+00,0.000000000000000000e+00
4.100000000000000000e+02,1.205570936436000551e+00,1.000000000000000000e+00
4.110000000000000000e+02,-3.560479403905295825e+00,0.000000000000000000e+00
4.120000000000000000e+02,-2.339897187285205349e-01,0.000000000000000000e+00
4.130000000000000000e+02,-1.224969916113180624e+00,0.000000000000000000e+00
4.140000000000000000e+02,-2.410268905357373093e-01,0.000000000000000000e+00
4.150000000000000000e+02,-8.616326714014017618e-01,0.000000000000000000e+00
4.160000000000000000e+02,6.770551997518108045e-02,0.000000000000000000e+00
4.170000000000000000e+02,-5.149945523998403774e-01,0.000000000000000000e+00
4.180000000000000000e+02,-1.088462177187340951e-01,0.000000000000000000e+00
4.190000000000000000e+02,-3.349794874976776970e-01,0.000000000000000000e+00
4.200000000000000000e+02,-4.254254762591835881e-03,0.000000000000000000e+00
4.210000000000000000e+02,-1.135311226036231913e-01,0.000000000000000000e+00
4.220000000000000000e+02,8.468884699902395896e-02,0.000000000000000000e+00
4.230000000000000000e+02,2.020879840069934597e-01,0.000000000000000000e+00
4.240000000000000000e+02,3.657293098677807386e-01,0.000000000000000000e+00
4.250000000000000000e+02,4.191921696477240444e-01,0.000000000000000000e+00
4.260000000000000000e+02,3.799497137808510172e-01,0.000000000000000000e+00
4.270000000000000000e+02,-8.012041357344605597e-02,0.000000000000000000e+00
4.280000000000000000e+02,-1.128651912218500697e-01,0.000000000000000000e+00
4.290000000000000000e+02,-4.479243173130887379e-01,0.000000000000000000e+00
4.300000000000000000e+02,-1.912282288649209405e-01,0.000000000000000000e+00
4.310000000000000000e+02,-3.802244263238874766e-01,0.000000000000000000e+00
4.320000000000000000e+02,-1.597982686282850284e-01,0.000000000000000000e+00
4.330000000000000000e+02,-2.585589984290742049e-01,0.000000000000000000e+00
4.340000000000000000e+02,-1.318997405170496406e-01,0.000000000000000000e+00
4.350000000000000000e+02,-3.085343257837397379e-01,0.000000000000000000e+00
4.360000000000000000e+02,-5.949535708954795110e-02,0.000000000000000000e+00
4.370000000000000000e+02,6.809034135485252624e-03,0.000000000000000000e+00
4.380000000000000000e+02,7.015248636163269602e-02,0.000000000000000000e+00
4.390000000000000000e+02,-9.214809522108692585e-02,0.000000000000000000e+00
4.400000000000000000e+02,-1.084140144768916542e-01,0.000000000000000000e+00
4.410000000000000000e+02,-4.356059201551983756e-02,0.000000000000000000e+00
4.420000000000000000e+02,-8.502309829367259153e-02,0.000000000000000000e+00
4.430000000000000000e+02,4.511459321059360650e-02,0.000000000000000000e+00
4.440000000000000000e+02,2.352779038348794607e-02,0.000000000000000000e+00
4.450000000000000000e+02,7.540729349594207931e-02,0.000000000000000000e+00
4.460000000000000000e+02,-1.370278395593539922e-01,0.000000000000000000e+00
4.470000000000000000e+02,1.289961633950266751e-01,0.000000000000000000e+00
4.480000000000000000e+02,-4.500318677052546346e-02,0.000000000000000000e+00
4.490000000000000000e+02,2.399214499384745569e-01,0.000000000000000000e+00
4.500000000000000000e+02,-4.356684839617094157e-03,0.000000000000000000e+00
4.510000000000000000e+02,4.178126258890194622e-01,0.000000000000000000e+00
4.520000000000000000e+02,2.948472811115145920e-01,0.000000000000000000e+00
4.530000000000000000e+02,7.451404350120235387e-01,0.000000000000000000e+00
4.540000000000000000e+02,4.072575709059259585e-01,0.000000000000000000e+00
4.550000000000000000e+02,2.523088869095143627e-01,0.000000000000000000e+00
4.560000000000000000e+02,-4.941671385910814673e-01,0.000000000000000000e+00
4.570000000000000000e+02,-2.690361559696003574e-02,0.000000000000000000e+00
4.580000000000000000e+02,-6.045480631008606220e-01,0.000000000000000000e+00
4.590000000000000000e+02,3.926403146640585762e-01,0.000000000000000000e+00
4.600000000000000000e+02,-6.376639373862870164e-01,0.000000000000000000e+00
4.610000000000000000e+02,5.645649317926617172e+00,0.000000000000000000e+00
4.620000000000000000e+02,1.707002698061426127e+00,1.000000000000000000e+00
4.630000000000000000e+02,-3.374331428475366934e+00,0.000000000000000000e+00
4.640000000000000000e+02,-2.081564528459552144e-01,0.000000000000000000e+00
4.650000000000000000e+02,-1.322925788486326582e+00,0.000000000000000000e+00
4.660000000000000000e+02,-1.836843673301579161e-01,0.000000000000000000e+00
4.670000000000000000e+02,-8.431935010348934334e-01,0.000000000000000000e+00
4.680000000000000000e+02,-1.653772968433700197e-01,0.000000000000000000e+00
4.690000000000000000e+02,-5.622037014340426353e-01,0.000000000000000000e+00
4.700000000000000000e+02,1.774198924031776927e-03,0.000000000000000000e+00
4.710000000000000000e+02,-4.805575376963412970e-01,0.000000000000000000e+00
4.720000000000000000e+02,1.429857934141084141e-01,0.000000000000000000e+00
4.730000000000000000e+02,-2.172770137951036407e-01,0.000000000000000000e+00
4.740000000000000000e+02,2.242826038895882057e-01,0.000000000000000000e+00
4.750000000000000000e+02,-7.168151399676586655e-02,0.000000000000000000e+00
4.760000000000000000e+02,3.988585012600840418e-01,0.000000000000000000e+00
4.770000000000000000e+02,3.721334381296199229e-02,0.000000000000000000e+00
4.780000000000000000e+02,3.978038305816281595e-01,0.000000000000000000e+00
4.790000000000000000e+02,-1.119836368504519286e-01,0.000000000000000000e+00
4.800000000000000000e+02,-2.860534328262417242e-02,0.000000000000000000e+00
4.810000000000000000e+02,-3.707173552822363161e-01,0.000000000000000000e+00
4.820000000000000000e+02,-1.369836354123948052e-01,0.000000000000000000e+00
4.830000000000000000e+02,-4.915733701655454202e-01,0.000000000000000000e+00
4.840000000000000000e+02,-1.803082731752335410e-01,0.000000000000000000e+00
4.850000000000000000e+02,-4.738924239766913460e-01,0.000000000000000000e+00
4.860000000000000000e+02,7.986236260955160982e-02,0.000000000000000000e+00
4.870000000000000000e+02,-3.985455518782102802e-01,0.000000000000000000e+00
4.880000000000000000e+02,6.283791526958576457e-02,0.000000000000000000e+00
4.890000000000000000e+02,-2.329367446998432123e-01,0.000000000000000000e+00
4.900000000000000000e+02,1.062668277815848605e-01,0.000000000000000000e+00
4.910000000000000000e+02,-2.507587623548251377e-01,0.000000000000000000e+00
4.920000000000000000e+02,9.801932945772399985e-02,0.000000000000000000e+00
4.930000000000000000e+02,-1.464133450276253468e-01,0.000000000000000000e+00
4.940000000000000000e+02,3.416888694215889921e-01,0.000000000000000000e+00
4.950000000000000000e+02,-4.326499367290794276e-03,0.000000000000000000e+00
4.960000000000000000e+02,2.431004920249554280e-01,0.000000000000000000e+00
4.970000000000000000e+02,-1.865845217795173427e-01,0.000000000000000000e+00
4.980000000000000000e+02,3.106963749245892914e-01,0.000000000000000000e+00
4.990000000000000000e+02,-1.628674165376278737e-01,0.000000000000000000e+00
5.000000000000000000e+02,4.729998101160390322e-01,0.000000000000000000e+00
5.010000000000000000e+02,-7.177217374789707227e-02,0.000000000000000000e+00
5.020000000000000000e+02,3.433253859744159753e-01,0.000000000000000000e+00
5.030000000000000000e+02,2.003179253664048309e-01,0.000000000000000000e+00
5.040000000000000000e+02,4.587781513902107200e-01,0.000000000000000000e+00
5.050000000000000000e+02,2.823506549349781847e-01,0.000000000000000000e+00
5.060000000000000000e+02,9.080995933114113239e-01,0.000000000000000000e+00
5.070000000000000000e+02,3.485863710350893818e-01,0.000000000000000000e+00
5.080000000000000000e+02,2.992376458351040935e-01,0.000000000000000000e+00
5.090000000000000000e+02,-4.260255585536250611e-01,0.000000000000000000e+00
5.100000000000000000e+02,3.830582316480415223e-02,0.000000000000000000e+00
5.110000000000000000e+02,-5.279589423981637664e-01,0.000000000000000000e+00
5.120000000000000000e+02,3.585811186818297358e-01,0.000000000000000000e+00
5.130000000000000000e+02,-1.540527044853684220e-03,0.000000000000000000e+00
5.140000000000000000e+02,6.659103596844969886e+00,0.000000000000000000e+00
5.150000000000000000e+02,-5.278221398088279726e-01,1.000000000000000000e+00
5.160000000000000000e+02,-2.366372877362087124e+00,0.000000000000000000e+00
5.170000000000000000e+02,-5.662926940241819196e-01,0.000000000000000000e+00
5.180000000000000000e+02,-1.350328154385892487e+00,0.000000000000000000e+00
5.190000000000000000e+02,-3.720887131459457708e-01,0.000000000000000000e+00
5.200000000000000000e+02,-7.396642389443301990e-01,0.000000000000000000e+00
5.210000000000000000e+02,-3.206358351750237534e-01,0.000000000000000000e+00
5.220000000000000000e+02,-4.856377153304726191e-01,0.000000000000000000e+00
5.230000000000000000e+02,-3.367529955222269278e-01,0.000000000000000000e+00
5.240000000000000000e+02,-2.959386836803568066e-01,0.000000000000000000e+00
5.250000000000000000e+02,-1.164557163913742116e-01,0.000000000000000000e+00
5.260000000000000000e+02,-1.171557540048327739e-01,0.000000000000000000e+00
5.270000000000000000e+02,-1.435917670248621283e-02,0.000000000000000000e+00
5.280000000000000000e+02,8.587376746845297448e-02,0.000000000000000000e+00
5.290000000000000000e+02,1.987621302436280990e-01,0.000000000000000000e+00
5.300000000000000000e+02,2.722856749468169912e-01,0.000000000000000000e+00
5.310000000000000000e+02,1.368410089218494163e-01,0.000000000000000000e+00
5.320000000000000000e+02,-1.840378803105244265e-01,0.000000000000000000e+00
5.330000000000000000e+02,-9.674092403751546887e-02,0.000000000000000000e+00
5.340000000000000000e+02,-3.611023205481502796e-01,0.000000000000000000e+00
5.350000000000000000e+02,-1.873500714970478265e-01,0.000000000000000000e+00
5.360000000000000000e+02,-4.347819045731239340e-01,0.000000000000000000e+00
5.370000000000000000e+02,-1.260696310323590752e-01,0.000000000000000000e+00
5.380000000000000000e+02,-2.884479935472871182e-01,0.000000000000000000e+00
5.390000000000000000e+02,-2.939170315396965605e-01,0.000000000000000000e+00
5.400000000000000000e+02,-1.708314452438284003e-01,0.000000000000000000e+00
5.410000000000000000e+02,-2.376611857531401584e-01,0.000000000000000000e+00
5.420000000000000000e+02,-1.140615171288827390e-01,0.000000000000000000e+00
5.430000000000000000e+02,-1.491873251310723014e-01,0.000000000000000000e+00
5.440000000000000000e+02,-2.442417022325479581e-01,0.000000000000000000e+00
5.450000000000000000e+02,-5.517111751421248031e-03,0.000000000000000000e+00
5.460000000000000000e+02,-1.500115048646133709e-01,0.000000000000000000e+00
5.470000000000000000e+02,4.602812751419228451e-03,0.000000000000000000e+00
5.480000000000000000e+02,-2.403373904310961151e-02,0.000000000000000000e+00
5.490000000000000000e+02,-2.855012014132736128e-02,0.000000000000000000e+00
5.500000000000000000e+02,-1.382538483744490954e-01,0.000000000000000000e+00
5.510000000000000000e+02,-2.515420699501495078e-02,0.000000000000000000e+00
5.520000000000000000e+02,-9.461842558124826386e-02,0.000000000000000000e+00
5.530000000000000000e+02,-3.150707931985238797e-02,0.000000000000000000e+00
5.540000000000000000e+02,2.102798756384922224e-02,0.000000000000000000e+00
5.550000000000000000e+02,3.799802955907289476e-02,0.000000000000000000e+00
5.560000000000000000e+02,1.610250031593694342e-01,0.000000000000000000e+00
5.570000000000000000e+02,2.232201192156004210e-01,0.000000000000000000e+00
5.580000000000000000e+02,4.443345272477064456e-01,0.000000000000000000e+00
5.590000000000000000e+02,5.261940423666486844e-01,0.000000000000000000e+00
5.600000000000000000e+02,4.364554835418005263e-01,0.000000000000000000e+00
5.610000000000000000e+02,-1.747572882029783947e-01,0.000000000000000000e+00
5.620000000000000000e+02,-4.042458898540596812e-01,0.000000000000000000e+00
5.630000000000000000e+02,-2.063106313037577355e-01,0.000000000000000000e+00
5.640000000000000000e+02,-2.021174558658713483e-01,0.000000000000000000e+00
5.650000000000000000e+02,-2.386804140093032323e-01,0.000000000000000000e+00
5.660000000000000000e+02,1.156060605177419598e+00,0.000000000000000000e+00
5.670000000000000000e+02,6.206905989721873240e+00,0.000000000000000000e+00
5.680000000000000000e+02,-2.300882688926586539e+00,1.000000000000000000e+00
5.690000000000000000e+02,-1.710123334984466226e+00,0.000000000000000000e+00
5.700000000000000000e+02,-6.235252940371822650e-01,0.000000000000000000e+00
5.710000000000000000e+02,-8.133231533913636291e-01,0.000000000000000000e+00
5.720000000000000000e+02,-5.606295815696210605e-01,0.000000000000000000e+00
5.730000000000000000e+02,-4.483754708249888532e-01,0.000000000000000000e+00
5.740000000000000000e+02,-2.939024024335128993e-01,0.000000000000000000e+00
5.750000000000000000e+02,-3.573094789813587857e-01,0.000000000000000000e+00
5.760000000000000000e+02,-2.664589195222906715e-01,0.000000000000000000e+00
5.770000000000000000e+02,-1.963826945386799028e-01,0.000000000000000000e+00
5.780000000000000000e+02,-3.177683968833376615e-02,0.000000000000000000e+00
5.790000000000000000e+02,2.549486877129732848e-02,0.000000000000000000e+00
5.800000000000000000e+02,1.700031446640132560e-01,0.000000000000000000e+00
5.810000000000000000e+02,2.275491618307497188e-01,0.000000000000000000e+00
5.820000000000000000e+02,2.537532761122187064e-01,0.000000000000000000e+00
5.830000000000000000e+02,2.776192467173106415e-01,0.000000000000000000e+00
5.840000000000000000e+02,1.270738553387467940e-01,0.000000000000000000e+00
5.850000000000000000e+02,-1.779528857835166109e-02,0.000000000000000000e+00
5.860000000000000000e+02,-3.485511274541917143e-02,0.000000000000000000e+00
5.870000000000000000e+02,-2.749697560384757877e-01,0.000000000000000000e+00
5.880000000000000000e+02,-1.714253128505578705e-01,0.000000000000000000e+00
5.890000000000000000e+02,-1.287471375088498626e-01,0.000000000000000000e+00
5.900000000000000000e+02,-1.235056674693298107e-01,0.000000000000000000e+00
5.910000000000000000e+02,-2.088700039869818836e-01,0.000000000000000000e+00
5.920000000000000000e+02,-8.337892818310506382e-02,0.000000000000000000e+00
5.930000000000000000e+02,-7.810581162424970469e-02,0.000000000000000000e+00
5.940000000000000000e+02,-1.045081651080214530e-02,0.000000000000000000e+00
5.950000000000000000e+02,7.430746578160700444e-02,0.000000000000000000e+00
5.960000000000000000e+02,2.768069758376735801e-02,0.000000000000000000e+00
5.970000000000000000e+02,7.498924696556008573e-02,0.000000000000000000e+00
5.980000000000000000e+02,1.301773729416326186e-01,0.000000000000000000e+00
5.990000000000000000e+02,1.324474795639879465e-02,0.000000000000000000e+00
6.000000000000000000e+02,2.926496713329912458e-01,0.000000000000000000e+00
6.010000000000000000e+02,3.068380166217449939e-02,0.000000000000000000e+00
6.020000000000000000e+02,2.076837575377652179e-01,0.000000000000000000e+00
6.030000000000000000e+02,5.730013723667833070e-02,0.000000000000000000e+00
6.040000000000000000e+02,2.206480196891820456e-01,0.000000000000000000e+00
6.050000000000000000e+02,7.978661933848291143e-02,0.000000000000000000e+00
6.060000000000000000e+02,2.212865294539387018e-01,0.000000000000000000e+00
6.070000000000000000e+02,8.144984035320350368e-02,0.000000000000000000e+00
6.080000000000000000e+02,4.675657416192002813e-01,0.000000000000000000e+00
6.090000000000000000e+02,4.780763617777203933e-01,0.000000000000000000e+00
6.100000000000000000e+02,7.732275115770902429e-01,0.000000000000000000e+00
6.110000000000000000e+02,3.619648958810557371e-01,0.000000000000000000e+00
6.120000000000000000e+02,-1.579204153331307814e-01,0.000000000000000000e+00
6.130000000000000000e+02,-3.834505732211138662e-01,0.000000000000000000e+00
6.140000000000000000e+02,-1.277245762993347300e-01,0.000000000000000000e+00
6.150000000000000000e+02,-2.050575048390088639e-01,0.000000000000000000e+00
6.160000000000000000e+02,-4.972894744461583971e-02,0.000000000000000000e+00
6.170000000000000000e+02,6.596741801027163898e-01,0.000000000000000000e+00
6.180000000000000000e+02,6.195215049278245623e+00,0.000000000000000000e+00
6.190000000000000000e+02,-1.883407984041447270e+00,1.000000000000000000e+00
6.200000000000000000e+02,-2.016005716665039582e+00,0.000000000000000000e+00
6.210000000000000000e+02,-5.936749437582211630e-01,0.000000000000000000e+00
6.220000000000000000e+02,-9.576268978397902698e-01,0.000000000000000000e+00
6.230000000000000000e+02,-3.178837370756155689e-01,0.000000000000000000e+00
6.240000000000000000e+02,-5.280599409910621267e-01,0.000000000000000000e+00
6.250000000000000000e+02,-2.415776868079606010e-01,0.000000000000000000e+00
6.260000000000000000e+02,-4.394176239605376844e-01,0.000000000000000000e+00
6.270000000000000000e+02,-1.132038918218070261e-01,0.000000000000000000e+00
6.280000000000000000e+02,-1.999920979193768600e-01,0.000000000000000000e+00
6.290000000000000000e+02,8.964688767693132498e-02,0.000000000000000000e+00
6.300000000000000000e+02,-3.097536033672856903e-02,0.000000000000000000e+00
6.310000000000000000e+02,2.508439084675523900e-01,0.000000000000000000e+00
6.320000000000000000e+02,1.579340580457077592e-01,0.000000000000000000e+00
6.330000000000000000e+02,3.819002952220408864e-01,0.000000000000000000e+00
6.340000000000000000e+02,1.160997108341500217e-01,0.000000000000000000e+00
6.350000000000000000e+02,2.747917519631720706e-01,0.000000000000000000e+00
6.360000000000000000e+02,-6.209648715348062287e-02,0.000000000000000000e+00
6.370000000000000000e+02,-9.348364354847656099e-02,0.000000000000000000e+00
6.380000000000000000e+02,-3.520058940145687210e-01,0.000000000000000000e+00
6.390000000000000000e+02,-2.084780294320489891e-01,0.000000000000000000e+00
6.400000000000000000e+02,-5.778509506050073519e-01,0.000000000000000000e+00
6.410000000000000000e+02,-1.851201974923232796e-01,0.000000000000000000e+00
6.420000000000000000e+02,-3.740231978563842152e-01,0.000000000000000000e+00
6.430000000000000000e+02,-1.010856681553155278e-01,0.000000000000000000e+00
6.440000000000000000e+02,-1.504245914435448084e-01,0.000000000000000000e+00
6.450000000000000000e+02,-3.038501477373916834e-02,0.000000000000000000e+00
6.460000000000000000e+02,-1.714564730808390003e-01,0.000000000000000000e+00
6.470000000000000000e+02,-3.719044836215518179e-02,0.000000000000000000e+00
6.480000000000000000e+02,-2.316370890922990755e-01,0.000000000000000000e+00
6.490000000000000000e+02,7.052578400414911963e-02,0.000000000000000000e+00
6.500000000000000000e+02,-1.943142289284810476e-01,0.000000000000000000e+00
6.510000000000000000e+02,2.001837191903877156e-01,0.000000000000000000e+00
6.520000000000000000e+02,-1.974747192071515389e-01,0.000000000000000000e+00
6.530000000000000000e+02,-5.873446765836057813e-03,0.000000000000000000e+00
6.540000000000000000e+02,-1.491859901961773427e-01,0.000000000000000000e+00
6.550000000000000000e+02,1.935365289201485817e-01,0.000000000000000000e+00
6.560000000000000000e+02,-1.608719111938626267e-01,0.000000000000000000e+00
6.570000000000000000e+02,4.453773063882877567e-03,0.000000000000000000e+00
6.580000000000000000e+02,7.336347798451284263e-02,0.000000000000000000e+00
6.590000000000000000e+02,3.738982412640423081e-01,0.000000000000000000e+00
6.600000000000000000e+02,1.928198703846590867e-01,0.000000000000000000e+00
6.610000000000000000e+02,7.048232603787415451e-01,0.000000000000000000e+00
6.620000000000000000e+02,2.470062121713972048e-01,0.000000000000000000e+00
6.630000000000000000e+02,1.769588603671611027e-01,0.000000000000000000e+00
6.640000000000000000e+02,-7.329508426094615281e-01,0.000000000000000000e+00
6.650000000000000000e+02,7.002694880887448681e-02,0.000000000000000000e+00
6.660000000000000000e+02,-6.808130561768792610e-01,0.000000000000000000e+00
6.670000000000000000e+02,3.657323490355288698e-01,0.000000000000000000e+00
6.680000000000000000e+02,-7.958072043082616842e-01,0.000000000000000000e+00
6.690000000000000000e+02,4.568292593568114235e+00,0.000000000000000000e+00
6.700000000000000000e+02,2.695081242987581227e+00,1.000000000000000000e+00
6.710000000000000000e+02,-3.600943253120305609e+00,0.000000000000000000e+00
6.720000000000000000e+02,-3.058033657750825474e-01,0.000000000000000000e+00
6.730000000000000000e+02,-1.473596203045888231e+00,0.000000000000000000e+00
6.740000000000000000e+02,-1.618853152057868894e-01,0.000000000000000000e+00
6.750000000000000000e+02,-8.805589495509028586e-01,0.000000000000000000e+00
6.760000000000000000e+02,-2.345465355023487741e-01,0.000000000000000000e+00
6.770000000000000000e+02,-4.438972758335167912e-01,0.000000000000000000e+00
6.780000000000000000e+02,-2.629836634910783649e-02,0.000000000000000000e+00
6.790000000000000000e+02,-5.261186958601721253e-01,0.000000000000000000e+00
6.800000000000000000e+02,8.630379408114815035e-03,0.000000000000000000e+00
6.810000000000000000e+02,-1.309476706523902689e-01,0.000000000000000000e+00
6.820000000000000000e+02,9.321137433131261585e-02,0.000000000000000000e+00
6.830000000000000000e+02,-1.338423378003328335e-01,0.000000000000000000e+00
6.840000000000000000e+02,5.570004993463638643e-01,0.000000000000000000e+00
6.850000000000000000e+02,1.701468678492738806e-01,0.000000000000000000e+00
6.860000000000000000e+02,3.786531242700398869e-01,0.000000000000000000e+00
6.870000000000000000e+02,2.520793183976126686e-02,0.000000000000000000e+00
6.880000000000000000e+02,-2.986634669312680096e-02,0.000000000000000000e+00
6.890000000000000000e+02,-2.595622593571070280e-01,0.000000000000000000e+00
6.900000000000000000e+02,3.259714040308463873e-02,0.000000000000000000e+00
6.910000000000000000e+02,-3.617911631133359784e-01,0.000000000000000000e+00
6.920000000000000000e+02,-1.188347740709834316e-01,0.000000000000000000e+00
6.930000000000000000e+02,-2.003175216940980274e-01,0.000000000000000000e+00
6.940000000000000000e+02,-1.759418625819581528e-01,0.000000000000000000e+00
6.950000000000000000e+02,-2.887438211269644506e-01,0.000000000000000000e+00
6.960000000000000000e+02,9.972366093275732146e-02,0.000000000000000000e+00
6.970000000000000000e+02,-1.535352207879653839e-02,0.000000000000000000e+00
6.980000000000000000e+02,-1.150145036558255542e-03,0.000000000000000000e+00
6.990000000000000000e+02,1.185035418659902001e-01,0.000000000000000000e+00
7.000000000000000000e+02,1.513688691419520504e-01,0.000000000000000000e+00
7.010000000000000000e+02,-9.030173528457842436e-02,0.000000000000000000e+00
7.020000000000000000e+02,1.030573769846873378e-01,0.000000000000000000e+00
7.030000000000000000e+02,-2.173781168042978468e-02,0.000000000000000000e+00
7.040000000000000000e+02,2.225327229290869346e-01,0.000000000000000000e+00
7.050000000000000000e+02,-2.059638709056402575e-02,0.000000000000000000e+00
7.060000000000000000e+02,1.828687337568664639e-01,0.000000000000000000e+00
7.070000000000000000e+02,4.721374021567874973e-02,0.000000000000000000e+00
7.080000000000000000e+02,2.312202684035924993e-01,0.000000000000000000e+00
7.090000000000000000e+02,4.974618165750831905e-02,0.000000000000000000e+00
7.100000000000000000e+02,2.588023410114333456e-01,0.000000000000000000e+00
7.110000000000000000e+02,-7.800857753405197881e-02,0.000000000000000000e+00
7.120000000000000000e+02,6.623046617730755647e-01,0.000000000000000000e+00
7.130000000000000000e+02,3.659953234248442544e-01,0.000000000000000000e+00
7.140000000000000000e+02,7.566986771308076287e-01,0.000000000000000000e+00
7.150000000000000000e+02,3.017095138224916706e-01,0.000000000000000000e+00
7.160000000000000000e+02,7.014609585201629638e-02,0.000000000000000000e+00
7.170000000000000000e+02,-3.568066193083226367e-01,0.000000000000000000e+00
7.180000000000000000e+02,-2.919994033224294072e-01,0.000000000000000000e+00
7.190000000000000000e+02,-3.020070157616144280e-01,0.000000000000000000e+00
7.200000000000000000e+02,-5.286202087162372026e-02,0.000000000000000000e+00
7.210000000000000000e+02,6.862540020592684531e-01,0.000000000000000000e+00
7.220000000000000000e+02,6.400931523652594102e+00,0.000000000000000000e+00
7.230000000000000000e+02,-1.245680956681314955e+00,1.000000000000000000e+00
7.240000000000000000e+02,-2.183189002174300342e+00,0.000000000000000000e+00
7.250000000000000000e+02,-7.563645018265376940e-01,0.000000000000000000e+00
7.260000000000000000e+02,-1.092889326698419650e+00,0.000000000000000000e+00
7.270000000000000000e+02,-5.263819666656176510e-01,0.000000000000000000e+00
7.280000000000000000e+02,-7.479435289875766557e-01,0.000000000000000000e+00
7.290000000000000000e+02,-3.532776630139112806e-01,0.000000000000000000e+00
7.300000000000000000e+02,-4.249327377479581447e-01,0.000000000000000000e+00
7.310000000000000000e+02,-3.551303264807528781e-01,0.000000000000000000e+00
7.320000000000000000e+02,-2.871427341633847607e-01,0.000000000000000000e+00
7.330000000000000000e+02,-9.808286137461746934e-02,0.000000000000000000e+00
7.340000000000000000e+02,-7.552465649458060815e-02,0.000000000000000000e+00
7.350000000000000000e+02,5.121896995699919131e-02,0.000000000000000000e+00
7.360000000000000000e+02,4.744053308339642866e-02,0.000000000000000000e+00
7.370000000000000000e+02,2.692189483463311994e-01,0.000000000000000000e+00
7.380000000000000000e+02,3.067587782005580799e-01,0.000000000000000000e+00
7.390000000000000000e+02,2.372372724754071849e-01,0.000000000000000000e+00
7.400000000000000000e+02,-4.554422430102685049e-02,0.000000000000000000e+00
7.410000000000000000e+02,-2.370164256185552654e-01,0.000000000000000000e+00
7.420000000000000000e+02,-1.091187638294083273e-01,0.000000000000000000e+00
7.430000000000000000e+02,-6.825023168179442101e-02,0.000000000000000000e+00
7.440000000000000000e+02,-3.855590961834660657e-01,0.000000000000000000e+00
7.450000000000000000e+02,-6.153837878348904222e-02,0.000000000000000000e+00
7.460000000000000000e+02,-1.714773556567808499e-01,0.000000000000000000e+00
7.470000000000000000e+02,-2.784775831984628303e-01,0.000000000000000000e+00
7.480000000000000000e+02,-1.777253058775210282e-01,0.000000000000000000e+00
7.490000000000000000e+02,4.877055401520305478e-02,0.000000000000000000e+00
7.500000000000000000e+02,9.388291016570966818e-02,0.000000000000000000e+00
7.510000000000000000e+02,3.734423881220959307e-02,0.000000000000000000e+00
7.520000000000000000e+02,-1.880289039604566073e-02,0.000000000000000000e+00
7.530000000000000000e+02,2.078909706320768505e-02,0.000000000000000000e+00
7.540000000000000000e+02,2.048893835181694045e-01,0.000000000000000000e+00
7.550000000000000000e+02,-2.242988104837453228e-02,0.000000000000000000e+00
7.560000000000000000e+02,5.303509264951889596e-02,0.000000000000000000e+00
7.570000000000000000e+02,2.182830965711593518e-01,0.000000000000000000e+00
7.580000000000000000e+02,-8.979115781440040467e-02,0.000000000000000000e+00
7.590000000000000000e+02,1.716830771941129929e-01,0.000000000000000000e+00
7.600000000000000000e+02,2.581550181826070683e-02,0.000000000000000000e+00
7.610000000000000000e+02,4.154412810658025812e-02,0.000000000000000000e+00
7.620000000000000000e+02,-1.528395149669859732e-01,0.000000000000000000e+00
7.630000000000000000e+02,4.071864572606016530e-01,0.000000000000000000e+00
7.640000000000000000e+02,1.429333669763636072e-01,0.000000000000000000e+00
7.650000000000000000e+02,3.875581958565726959e-01,0.000000000000000000e+00
7.660000000000000000e+02,9.388681585999418544e-02,0.000000000000000000e+00
7.670000000000000000e+02,6.228729158629208174e-01,0.000000000000000000e+00
7.680000000000000000e+02,3.350055697525509690e-01,0.000000000000000000e+00
7.690000000000000000e+02,1.346317448990714816e-01,0.000000000000000000e+00
7.700000000000000000e+02,-5.264592494819348989e-01,0.000000000000000000e+00
7.710000000000000000e+02,-3.057937251297047562e-02,0.000000000000000000e+00
7.720000000000000000e+02,-7.111413030669182511e-01,0.000000000000000000e+00
7.730000000000000000e+02,3.544503031826451989e-01,0.000000000000000000e+00
7.740000000000000000e+02,-5.907374022188875973e-01,0.000000000000000000e+00
7.750000000000000000e+02,5.850402721794638161e+00,0.000000000000000000e+00
7.760000000000000000e+02,1.167441675935708467e+00,1.000000000000000000e+00
7.770000000000000000e+02,-3.231658067685018398e+00,0.000000000000000000e+00
7.780000000000000000e+02,-1.707831716199120775e-01,0.000000000000000000e+00
7.790000000000000000e+02,-1.726359930406972332e+00,0.000000000000000000e+00
7.800000000000000000e+02,-2.888030164464269745e-01,0.000000000000000000e+00
7.810000000000000000e+02,-9.660086655299676694e-01,0.000000000000000000e+00
7.820000000000000000e+02,-1.778838933806299594e-01,0.000000000000000000e+00
7.830000000000000000e+02,-7.732863638229632297e-01,0.000000000000000000e+00
7.840000000000000000e+02,-2.264921376559329569e-01,0.000000000000000000e+00
7.850000000000000000e+02,-4.353252027276161007e-01,0.000000000000000000e+00
7.860000000000000000e+02,-6.842288592721994245e-02,0.000000000000000000e+00
7.870000000000000000e+02,-4.127987348979144100e-01,0.000000000000000000e+00
7.880000000000000000e+02,5.455667313880653568e-02,0.000000000000000000e+00
7.890000000000000000e+02,-1.007907072793780001e-01,0.000000000000000000e+00
7.900000000000000000e+02,3.163598562151244131e-01,0.000000000000000000e+00
7.910000000000000000e+02,7.165164085045418185e-02,0.000000000000000000e+00
7.920000000000000000e+02,2.161611211913068986e-01,0.000000000000000000e+00
7.930000000000000000e+02,-2.117451831849910260e-01,0.000000000000000000e+00
7.940000000000000000e+02,1.163788790914739718e-01,0.000000000000000000e+00
7.950000000000000000e+02,-4.031758125084910493e-01,0.000000000000000000e+00
7.960000000000000000e+02,-2.440500591886297643e-01,0.000000000000000000e+00
7.970000000000000000e+02,-3.843368991960268155e-01,0.000000000000000000e+00
7.980000000000000000e+02,-8.279712584260176533e-02,0.000000000000000000e+00
7.990000000000000000e+02,-2.703613396887396547e-01,0.000000000000000000e+00
8.000000000000000000e+02,-1.621129943792764816e-01,0.000000000000000000e+00
8.010000000000000000e+02,-2.394425503754592510e-01,0.000000000000000000e+00
8.020000000000000000e+02,2.666484489555796533e-01,0.000000000000000000e+00
8.030000000000000000e+02,-1.036475096308818455e-01,0.000000000000000000e+00
8.040000000000000000e+02,1.277342375844341404e-01,0.000000000000000000e+00
8.050000000000000000e+02,4.373110115430161454e-02,0.000000000000000000e+00
8.060000000000000000e+02,7.303204511086600070e-02,0.000000000000000000e+00
8.070000000000000000e+02,1.021777148389315243e-01,0.000000000000000000e+00
8.080000000000000000e+02,1.278920554228029915e-01,0.000000000000000000e+00
8.090000000000000000e+02,-1.599905230873583870e-02,0.000000000000000000e+00
8.100000000000000000e+02,2.977825096937831151e-01,0.000000000000000000e+00
8.110000000000000000e+02,4.612547288424574676e-02,0.000000000000000000e+00
8.120000000000000000e+02,3.190373768830047085e-01,0.000000000000000000e+00
8.130000000000000000e+02,-7.583562086282405121e-05,0.000000000000000000e+00
8.140000000000000000e+02,3.271008046535595626e-01,0.000000000000000000e+00
8.150000000000000000e+02,-4.815279665069318454e-02,0.000000000000000000e+00
8.160000000000000000e+02,5.387616197802000961e-01,0.000000000000000000e+00
8.170000000000000000e+02,1.230378113377717658e-01,0.000000000000000000e+00
8.180000000000000000e+02,8.859078084664331332e-01,0.000000000000000000e+00
8.190000000000000000e+02,2.880451879483461042e-01,0.000000000000000000e+00
8.200000000000000000e+02,2.745723018737640242e-01,0.000000000000000000e+00
8.210000000000000000e+02,-6.291397018568486432e-01,0.000000000000000000e+00
8.220000000000000000e+02,1.852864200101102532e-01,0.000000000000000000e+00
8.230000000000000000e+02,-8.218431911726643557e-01,0.000000000000000000e+00
8.240000000000000000e+02,5.223845833286028251e-01,0.000000000000000000e+00
8.250000000000000000e+02,-7.535835761469300564e-01,0.000000000000000000e+00
8.260000000000000000e+02,4.540651214763397725e+00,0.000000000000000000e+00
8.270000000000000000e+02,2.772281845182047455e+00,1.000000000000000000e+00
8.280000000000000000e+02,-3.846401687295381233e+00,0.000000000000000000e+00
8.290000000000000000e+02,-1.530279484169729531e-01,0.000000000000000000e+00
8.300000000000000000e+02,-1.121647836639555695e+00,0.000000000000000000e+00
8.310000000000000000e+02,-3.604151794757262661e-01,0.000000000000000000e+00
8.320000000000000000e+02,-7.875063149897739700e-01,0.000000000000000000e+00
8.330000000000000000e+02,-1.186343349205483538e-01,0.000000000000000000e+00
8.340000000000000000e+02,-6.711067978341485052e-01,0.000000000000000000e+00
8.350000000000000000e+02,1.162138897208833260e-01,0.000000000000000000e+00
8.360000000000000000e+02,-4.091194891409973278e-01,0.000000000000000000e+00
8.370000000000000000e+02,-2.802722856332785437e-02,0.000000000000000000e+00
8.380000000000000000e+02,-2.469407097444568655e-01,0.000000000000000000e+00
8.390000000000000000e+02,2.048758935483117882e-01,0.000000000000000000e+00
8.400000000000000000e+02,-9.351739029557053218e-02,0.000000000000000000e+00
8.410000000000000000e+02,3.880462048391392638e-01,0.000000000000000000e+00
8.420000000000000000e+02,2.045988030846850603e-01,0.000000000000000000e+00
8.430000000000000000e+02,3.979956614850523322e-01,0.000000000000000000e+00
8.440000000000000000e+02,1.016251663446143677e-01,0.000000000000000000e+00
8.450000000000000000e+02,3.891933582354406215e-03,0.000000000000000000e+00
8.460000000000000000e+02,-4.611840674734994927e-01,0.000000000000000000e+00
8.470000000000000000e+02,-2.195117606210698069e-01,0.000000000000000000e+00
8.480000000000000000e+02,-2.611652311507458024e-01,0.000000000000000000e+00
8.490000000000000000e+02,-3.598612620000679607e-01,0.000000000000000000e+00
8.500000000000000000e+02,-1.513102018678919858e-01,0.000000000000000000e+00
8.510000000000000000e+02,-2.175653090862834371e-01,0.000000000000000000e+00
8.520000000000000000e+02,-1.481603927125041131e-01,0.000000000000000000e+00
8.530000000000000000e+02,-2.142654828744992579e-01,0.000000000000000000e+00
8.540000000000000000e+02,-7.329270771605017609e-02,0.000000000000000000e+00
8.550000000000000000e+02,7.187184137802185568e-02,0.000000000000000000e+00
8.560000000000000000e+02,-1.479141776214983883e-01,0.000000000000000000e+00
8.570000000000000000e+02,2.046827984853227533e-01,0.000000000000000000e+00
8.580000000000000000e+02,5.437722386810282457e-03,0.000000000000000000e+00
8.590000000000000000e+02,2.766793718586635920e-01,0.000000000000000000e+00
8.600000000000000000e+02,-8.396926816132932458e-02,0.000000000000000000e+00
8.610000000000000000e+02,1.226994163552717759e-01,0.000000000000000000e+00
8.620000000000000000e+02,-1.283641631013232413e-02,0.000000000000000000e+00
8.630000000000000000e+02,5.504498271873979609e-02,0.000000000000000000e+00
8.640000000000000000e+02,1.584357063155458489e-01,0.000000000000000000e+00
8.650000000000000000e+02,1.132638223393921950e-01,0.000000000000000000e+00
8.660000000000000000e+02,1.567856345967937604e-01,0.000000000000000000e+00
8.670000000000000000e+02,4.242311001375064783e-01,0.000000000000000000e+00
8.680000000000000000e+02,1.041345200761605166e-01,0.000000000000000000e+00
8.690000000000000000e+02,6.972025252353755143e-01,0.000000000000000000e+00
8.700000000000000000e+02,4.456016008396434525e-01,0.000000000000000000e+00
8.710000000000000000e+02,2.077046176675485245e-01,0.000000000000000000e+00
8.720000000000000000e+02,-5.669490185623768941e-01,0.000000000000000000e+00
8.730000000000000000e+02,1.613240448727977228e-01,0.000000000000000000e+00
8.740000000000000000e+02,-6.232660476845430786e-01,0.000000000000000000e+00
8.750000000000000000e+02,3.460105799514162084e-01,0.000000000000000000e+00
8.760000000000000000e+02,-7.274497519472712392e-01,0.000000000000000000e+00
8.770000000000000000e+02,5.934317210519827412e+00,0.000000000000000000e+00
8.780000000000000000e+02,1.012482800114592907e+00,1.000000000000000000e+00
8.790000000000000000e+02,-3.074609048903925057e+00,0.000000000000000000e+00
8.800000000000000000e+02,-1.835232302632483214e-01,0.000000000000000000e+00
8.810000000000000000e+02,-1.206051035188771881e+00,0.000000000000000000e+00
8.820000000000000000e+02,-4.136384688869028659e-01,0.000000000000000000e+00
8.830000000000000000e+02,-8.138628982968239001e-01,0.000000000000000000e+00
8.840000000000000000e+02,-1.604118966002365809e-01,0.000000000000000000e+00
8.850000000000000000e+02,-5.246311586408782812e-01,0.000000000000000000e+00
8.860000000000000000e+02,6.533869636952685349e-03,0.000000000000000000e+00
8.870000000000000000e+02,-3.389881481121490014e-01,0.000000000000000000e+00
8.880000000000000000e+02,-3.194197943180857036e-02,0.000000000000000000e+00
8.890000000000000000e+02,-3.650415919074946336e-01,0.000000000000000000e+00
8.900000000000000000e+02,2.749067146732544487e-01,0.000000000000000000e+00
8.910000000000000000e+02,7.112779527952194092e-02,0.000000000000000000e+00
8.920000000000000000e+02,3.778714816700072809e-01,0.000000000000000000e+00
8.930000000000000000e+02,1.920644101414532845e-01,0.000000000000000000e+00
8.940000000000000000e+02,3.743385749608301727e-01,0.000000000000000000e+00
8.950000000000000000e+02,-1.871968791234956270e-02,0.000000000000000000e+00
8.960000000000000000e+02,-9.814831181375925639e-02,0.000000000000000000e+00
8.970000000000000000e+02,-2.639826052571864201e-01,0.000000000000000000e+00
8.980000000000000000e+02,-1.403465937486510218e-01,0.000000000000000000e+00
8.990000000000000000e+02,-4.695644730079283624e-01,0.000000000000000000e+00
9.000000000000000000e+02,-9.867672691382277372e-02,0.000000000000000000e+00
9.010000000000000000e+02,-2.521055055256863908e-01,0.000000000000000000e+00
9.020000000000000000e+02,-2.891410597283323725e-01,0.000000000000000000e+00
9.030000000000000000e+02,-3.035934446162419365e-01,0.000000000000000000e+00
9.040000000000000000e+02,-9.988285296202024932e-02,0.000000000000000000e+00
9.050000000000000000e+02,-1.792642583675770063e-01,0.000000000000000000e+00
9.060000000000000000e+02,-5.304917873680438378e-02,0.000000000000000000e+00
9.070000000000000000e+02,-1.719817892612881538e-01,0.000000000000000000e+00
9.080000000000000000e+02,3.348392322026005896e-01,0.000000000000000000e+00
9.090000000000000000e+02,-2.513129604194428435e-01,0.000000000000000000e+00
9.100000000000000000e+02,1.645834200839668970e-01,0.000000000000000000e+00
9.110000000000000000e+02,2.506481214346077679e-02,0.000000000000000000e+00
9.120000000000000000e+02,2.366305604524684969e-01,0.000000000000000000e+00
9.130000000000000000e+02,-1.553747682505121630e-01,0.000000000000000000e+00
9.140000000000000000e+02,1.005301285171879833e-01,0.000000000000000000e+00
9.150000000000000000e+02,-1.120465998011700576e-01,0.000000000000000000e+00
9.160000000000000000e+02,1.658854724958290505e-01,0.000000000000000000e+00
9.170000000000000000e+02,-1.585742411178317768e-01,0.000000000000000000e+00
9.180000000000000000e+02,2.767718640613507919e-01,0.000000000000000000e+00
9.190000000000000000e+02,1.068111936753301655e-01,0.000000000000000000e+00
9.200000000000000000e+02,3.710965086016982384e-01,0.000000000000000000e+00
9.210000000000000000e+02,1.344969462770892743e-01,0.000000000000000000e+00
9.220000000000000000e+02,7.097552548596965938e-01,0.000000000000000000e+00
9.230000000000000000e+02,3.393385800650953743e-01,0.000000000000000000e+00
9.240000000000000000e+02,3.154136833618927382e-01,0.000000000000000000e+00
9.250000000000000000e+02,-5.624344730471891873e-01,0.000000000000000000e+00
9.260000000000000000e+02,5.013219847941502438e-02,0.000000000000000000e+00
9.270000000000000000e+02,-8.468386649591637116e-01,0.000000000000000000e+00
9.280000000000000000e+02,3.907866412808068679e-01,0.000000000000000000e+00
9.290000000000000000e+02,-5.895300932181930520e-01,0.000000000000000000e+00
9.300000000000000000e+02,5.881618337161811816e+00,0.000000000000000000e+00
9.310000000000000000e+02,8.358958117446959601e-01,1.000000000000000000e+00
9.320000000000000000e+02,-2.936007214191662662e+00,0.000000000000000000e+00
9.330000000000000000e+02,-5.773073734613345387e-01,0.000000000000000000e+00
9.340000000000000000e+02,-1.527723115589616709e+00,0.000000000000000000e+00
9.350000000000000000e+02,-3.316147416957425098e-01,0.000000000000000000e+00
9.360000000000000000e+02,-1.003718646616602594e+00,0.000000000000000000e+00
9.370000000000000000e+02,-3.270127133820693310e-01,0.000000000000000000e+00
9.380000000000000000e+02,-7.473576130228712922e-01,0.000000000000000000e+00
9.390000000000000000e+02,-1.349738049950933647e-02,0.000000000000000000e+00
9.400000000000000000e+02,-4.726998212214724715e-01,0.000000000000000000e+00
9.410000000000000000e+02,-1.660602022260433963e-01,0.000000000000000000e+00
9.420000000000000000e+02,-1.558080086122692054e-01,0.000000000000000000e+00
9.430000000000000000e+02,1.962860289971015693e-01,0.000000000000000000e+00
9.440000000000000000e+02,6.313077180849958892e-02,0.000000000000000000e+00
9.450000000000000000e+02,3.781381727555656602e-01,0.000000000000000000e+00
9.460000000000000000e+02,7.922571675590323048e-02,0.000000000000000000e+00
9.470000000000000000e+02,2.387692906208398469e-01,0.000000000000000000e+00
9.480000000000000000e+02,1.698264122928339892e-01,0.000000000000000000e+00
9.490000000000000000e+02,1.078142856904180102e-01,0.000000000000000000e+00
9.500000000000000000e+02,-2.345181713004417245e-01,0.000000000000000000e+00
9.510000000000000000e+02,-1.246995751616889886e-01,0.000000000000000000e+00
9.520000000000000000e+02,-2.651618880457527472e-01,0.000000000000000000e+00
9.530000000000000000e+02,3.146266856450957022e-02,0.000000000000000000e+00
9.540000000000000000e+02,-4.640665465710724219e-02,0.000000000000000000e+00
9.550000000000000000e+02,-1.704152743678145621e-01,0.000000000000000000e+00
9.560000000000000000e+02,-1.823222712706623894e-01,0.000000000000000000e+00
9.570000000000000000e+02,6.231220358834667697e-03,0.000000000000000000e+00
9.580000000000000000e+02,1.094691691496796626e-01,0.000000000000000000e+00
9.590000000000000000e+02,1.339119435578063899e-01,0.000000000000000000e+00
9.600000000000000000e+02,-4.493698519447833495e-02,0.000000000000000000e+00
9.610000000000000000e+02,3.389370627151667148e-01,0.000000000000000000e+00
9.620000000000000000e+02,1.875922093967188897e-01,0.000000000000000000e+00
9.630000000000000000e+02,2.784797361371045277e-01,0.000000000000000000e+00
9.640000000000000000e+02,1.003656352894812531e-01,0.000000000000000000e+00
9.650000000000000000e+02,1.758711108918634136e-01,0.000000000000000000e+00
9.660000000000000000e+02,1.660588301510469988e-01,0.000000000000000000e+00
9.670000000000000000e+02,1.503497386204324937e-01,0.000000000000000000e+00
9.680000000000000000e+02,2.437921572729319086e-01,0.000000000000000000e+00
9.690000000000000000e+02,8.435618766648801670e-02,0.000000000000000000e+00
9.700000000000000000e+02,6.865929065465496695e-02,0.000000000000000000e+00
9.710000000000000000e+02,2.084601035548500417e-02,0.000000000000000000e+00
9.720000000000000000e+02,2.732251001594845213e-02,0.000000000000000000e+00
9.730000000000000000e+02,4.003840680946870179e-01,0.000000000000000000e+00
9.740000000000000000e+02,2.634920929319068961e-01,0.000000000000000000e+00
9.750000000000000000e+02,5.417126181727152101e-01,0.000000000000000000e+00
9.760000000000000000e+02,4.778518846195979330e-01,0.000000000000000000e+00
9.770000000000000000e+02,3.829548883247997915e-01,0.000000000000000000e+00
9.780000000000000000e+02,-3.892183191053343316e-01,0.000000000000000000e+00
9.790000000000000000e+02,-2.692529761054859305e-01,0.000000000000000000e+00
9.800000000000000000e+02,-5.014589483148124138e-01,0.000000000000000000e+00
9.810000000000000000e+02,-9.299065142165924280e-02,0.000000000000000000e+00
9.820000000000000000e+02,-5.451457166886587435e-01,0.000000000000000000e+00
9.830000000000000000e+02,2.055266765682433938e+00,0.000000000000000000e+00
9.840000000000000000e+02,5.662862725568971634e+00,0.000000000000000000e+00
9.850000000000000000e+02,-2.896482202687262308e+00,1.000000000000000000e+00
9.860000000000000000e+02,-1.353697437342945786e+00,0.000000000000000000e+00
9.870000000000000000e+02,-1.168695907585522331e+00,0.000000000000000000e+00
9.880000000000000000e+02,-6.632164061826285595e-01,0.000000000000000000e+00
9.890000000000000000e+02,-8.252150597869419846e-01,0.000000000000000000e+00
9.900000000000000000e+02,-6.414817571216865355e-01,0.000000000000000000e+00
9.910000000000000000e+02,-5.317213097117713394e-01,0.000000000000000000e+00
9.920000000000000000e+02,-3.928213200746999978e-01,0.000000000000000000e+00
9.930000000000000000e+02,-5.532851403827552250e-01,0.000000000000000000e+00
9.940000000000000000e+02,-2.965061723769859547e-01,0.000000000000000000e+00
9.950000000000000000e+02,-1.064066748861652867e-01,0.000000000000000000e+00
9.960000000000000000e+02,-3.570804100835658912e-02,0.000000000000000000e+00
9.970000000000000000e+02,-1.235751200266303057e-02,0.000000000000000000e+00
9.980000000000000000e+02,1.248847807107327373e-01,0.000000000000000000e+00
9.990000000000000000e+02,2.375161211049668097e-01,0.000000000000000000e+00
1.000000000000000000e+03,2.907668216576412834e-01,0.000000000000000000e+00
1.001000000000000000e+03,2.389514723732403811e-01,0.000000000000000000e+00
1.002000000000000000e+03,-3.106156422861847816e-02,0.000000000000000000e+00
1.003000000000000000e+03,-3.102237392011596845e-02,0.000000000000000000e+00
1.004000000000000000e+03,-3.651332158484029144e-01,0.000000000000000000e+00
1.005000000000000000e+03,-1.689069113483163964e-01,0.000000000000000000e+00
1.006000000000000000e+03,-2.581910889171850632e-01,0.000000000000000000e+00
1.007000000000000000e+03,-1.916323094024409701e-01,0.000000000000000000e+00
1.008000000000000000e+03,-1.193547285463127522e-01,0.000000000000000000e+00
1.009000000000000000e+03,-1.464571901471375670e-01,0.000000000000000000e+00
1.010000000000000000e+03,-1.226108150249206191e-01,0.000000000000000000e+00
1.011000000000000000e+03,-2.571587522915359109e-02,0.000000000000000000e+00
1.012000000000000000e+03,-9.636183864751513006e-02,0.000000000000000000e+00
1.013000000000000000e+03,1.125549738497026858e-01,0.000000000000000000e+00
1.014000000000000000e+03,6.539417497244408295e-02,0.000000000000000000e+00
1.015000000000000000e+03,5.405830583125573879e-02,0.000000000000000000e+00
1.016000000000000000e+03,6.494675727147487809e-02,0.000000000000000000e+00
1.017000000000000000e+03,1.118689208396144580e-02,0.000000000000000000e+00
1.018000000000000000e+03,1.024237672338720317e-01,0.000000000000000000e+00
1.019000000000000000e+03,4.064531478483357496e-02,0.000000000000000000e+00
1.020000000000000000e+03,5.835507110156912258e-02,0.000000000000000000e+00
1.021000000000000000e+03,1.329857579356789020e-02,0.000000000000000000e+00
1.022000000000000000e+03,-3.413324954787057275e-02,0.000000000000000000e+00
1.023000000000000000e+03,8.089399110765876921e-02,0.000000000000000000e+00
1.024000000000000000e+03,1.640718334119295810e-02,0.000000000000000000e+00
1.025000000000000000e+03,3.799486940745894770e-01,0.000000000000000000e+00
1.026000000000000000e+03,3.046641516093778757e-01,0.000000000000000000e+00
1.027000000000000000e+03,5.993468242546635683e-01,0.000000000000000000e+00
1.028000000000000000e+03,4.583844413471881429e-01,0.000000000000000000e+00
1.029000000000000000e+03,8.187857057939156025e-02,0.000000000000000000e+00
1.030000000000000000e+03,-3.462272615771089246e-01,0.000000000000000000e+00
1.031000000000000000e+03,1.373388562053690642e-01,0.000000000000000000e+00
1.032000000000000000e+03,-7.279209254246846728e-01,0.000000000000000000e+00
1.033000000000000000e+03,2.428493798889085065e-01,0.000000000000000000e+00
1.034000000000000000e+03,-5.939800803462246259e-01,0.000000000000000000e+00
1.035000000000000000e+03,3.217226126024597121e+00,0.000000000000000000e+00
1.036000000000000000e+03,4.289503088888341864e+00,0.000000000000000000e+00
1.037000000000000000e+03,-3.972087123008944509e+00,1.000000000000000000e+00
1.038000000000000000e+03,-6.454732680181050064e-01,0.000000000000000000e+00
1.039000000000000000e+03,-9.999781169747593568e-01,0.000000000000000000e+00
1.040000000000000000e+03,-4.300019436921433957e-01,0.000000000000000000e+00
1.041000000000000000e+03,-8.042449572857632845e-01,0.000000000000000000e+00
1.042000000000000000e+03,-3.399119837954930889e-01,0.000000000000000000e+00
1.043000000000000000e+03,-6.716790122457864110e-01,0.000000000000000000e+00
1.044000000000000000e+03,1.085799346146982952e-01,0.000000000000000000e+00
1.045000000000000000e+03,-3.360029506963638224e-01,0.000000000000000000e+00
1.046000000000000000e+03,-2.792165728033060151e-03,0.000000000000000000e+00
1.047000000000000000e+03,-2.119160290500950450e-01,0.000000000000000000e+00
1.048000000000000000e+03,1.375056819723744495e-01,0.000000000000000000e+00
1.049000000000000000e+03,-6.649590020518632294e-02,0.000000000000000000e+00
1.050000000000000000e+03,3.527535637704911631e-01,0.000000000000000000e+00
1.051000000000000000e+03,2.624002932619406425e-01,0.000000000000000000e+00
1.052000000000000000e+03,3.567875074227068177e-01,0.000000000000000000e+00
1.053000000000000000e+03,7.536159389002305975e-02,0.000000000000000000e+00
1.054000000000000000e+03,-1.937512274527674327e-01,0.000000000000000000e+00
1.055000000000000000e+03,-3.072157298565255656e-01,0.000000000000000000e+00
1.056000000000000000e+03,-1.751167531992819659e-01,0.000000000000000000e+00
1.057000000000000000e+03,-3.363414481064197492e-01,0.000000000000000000e+00
1.058000000000000000e+03,-1.535252866783264336e-01,0.000000000000000000e+00
1.059000000000000000e+03,-2.241304301953454259e-01,0.000000000000000000e+00
1.060000000000000000e+03,-1.408675466295432055e-01,0.000000000000000000e+00
1.061000000000000000e+03,-1.089836013858721669e-01,0.000000000000000000e+00
1.062000000000000000e+03,1.115163862451710175e-01,0.000000000000000000e+00
1.063000000000000000e+03,-9.754489627930958140e-02,0.000000000000000000e+00
1.064000000000000000e+03,1.120628260411105082e-01,0.000000000000000000e+00
1.065000000000000000e+03,-4.507834361776248688e-02,0.000000000000000000e+00
1.066000000000000000e+03,1.053411619754680978e-01,0.000000000000000000e+00
1.067000000000000000e+03,-9.332110295390577681e-02,0.000000000000000000e+00
1.068000000000000000e+03,9.718052977038181550e-02,0.000000000000000000e+00
1.069000000000000000e+03,1.654286621122081080e-01,0.000000000000000000e+00
1.070000000000000000e+03,2.115124740099045553e-01,0.000000000000000000e+00
1.071000000000000000e+03,-3.784156598116204806e-02,0.000000000000000000e+00
1.072000000000000000e+03,1.536722562460194896e-01,0.000000000000000000e+00
1.073000000000000000e+03,-3.111932750680410087e-02,0.000000000000000000e+00
1.074000000000000000e+03,2.828792244833862601e-01,0.000000000000000000e+00
1.075000000000000000e+03,9.192373729560202045e-02,0.000000000000000000e+00
1.076000000000000000e+03,4.714734407392718873e-01,0.000000000000000000e+00
1.077000000000000000e+03,2.764950845106277089e-01,0.000000000000000000e+00
1.078000000000000000e+03,8.276750005865870508e-01,0.000000000000000000e+00
1.079000000000000000e+03,3.794983547110326039e-01,0.000000000000000000e+00
1.080000000000000000e+03,5.548522208846858872e-01,0.000000000000000000e+00
1.081000000000000000e+03,-4.766717976341407481e-01,0.000000000000000000e+00
1.082000000000000000e+03,8.729616310542162236e-03,0.000000000000000000e+00
1.083000000000000000e+03,-5.842278108917671187e-01,0.000000000000000000e+00
1.084000000000000000e+03,5.826629353237204878e-01,0.000000000000000000e+00
1.085000000000000000e+03,-7.920858470939151630e-01,0.000000000000000000e+00
1.086000000000000000e+03,4.888092782470621955e+00,0.000000000000000000e+00
1.087000000000000000e+03,2.467873870017373683e+00,1.000000000000000000e+00
1.088000000000000000e+03,-3.673083932185009282e+00,0.000000000000000000e+00
1.089000000000000000e+03,-3.609317882685568746e-01,0.000000000000000000e+00
1.090000000000000000e+03,-1.310329293665585482e+00,0.000000000000000000e+00
1.091000000000000000e+03,-3.298049908200614139e-02,0.000000000000000000e+00
1.092000000000000000e+03,-9.593320326530399011e-01,0.000000000000000000e+00
1.093000000000000000e+03,-7.666857033539853372e-02,0.000000000000000000e+00
1.094000000000000000e+03,-5.961539118917480451e-01,0.000000000000000000e+00
1.095000000000000000e+03,-2.234737830008101667e-02,0.000000000000000000e+00
1.096000000000000000e+03,-5.392655179336571791e-01,0.000000000000000000e+00
1.097000000000000000e+03,7.972828646676101416e-02,0.000000000000000000e+00
1.098000000000000000e+03,-3.711703043808000646e-01,0.000000000000000000e+00
1.099000000000000000e+03,1.367887033109287109e-01,0.000000000000000000e+00
1.100000000000000000e+03,6.216432686830226928e-02,0.000000000000000000e+00
1.101000000000000000e+03,3.182359726669946598e-01,0.000000000000000000e+00
1.102000000000000000e+03,2.411114135874717693e-02,0.000000000000000000e+00
1.103000000000000000e+03,4.441456961240883849e-01,0.000000000000000000e+00
1.104000000000000000e+03,-2.498825209792505941e-01,0.000000000000000000e+00
1.105000000000000000e+03,-7.822392322389086494e-02,0.000000000000000000e+00
1.106000000000000000e+03,-2.530077662838602914e-01,0.000000000000000000e+00
1.107000000000000000e+03,-3.734434038350659124e-01,0.000000000000000000e+00
1.108000000000000000e+03,-4.389981875863569472e-01,0.000000000000000000e+00
1.109000000000000000e+03,-3.754473179330368171e-01,0.000000000000000000e+00
1.110000000000000000e+03,-3.546897290201592723e-01,0.000000000000000000e+00
1.111000000000000000e+03,-1.692307144301962718e-01,0.000000000000000000e+00
1.112000000000000000e+03,-3.217317364334966179e-01,0.000000000000000000e+00
1.113000000000000000e+03,-4.484764128006846207e-02,0.000000000000000000e+00
1.114000000000000000e+03,-2.011075939467381335e-01,0.000000000000000000e+00
1.115000000000000000e+03,1.084103855606312755e-01,0.000000000000000000e+00
1.116000000000000000e+03,-1.161848093748036326e-01,0.000000000000000000e+00
1.117000000000000000e+03,6.668626488129388019e-02,0.000000000000000000e+00
1.118000000000000000e+03,4.654706429873248230e-02,0.000000000000000000e+00
1.119000000000000000e+03,1.170128107561214242e-01,0.000000000000000000e+00
1.120000000000000000e+03,4.747127814613091162e-02,0.000000000000000000e+00
1.121000000000000000e+03,1.950841509641040306e-01,0.000000000000000000e+00
1.122000000000000000e+03,-1.159168573061784557e-01,0.000000000000000000e+00
1.123000000000000000e+03,1.170808028844639859e-01,0.000000000000000000e+00
1.124000000000000000e+03,-7.910642612682647346e-02,0.000000000000000000e+00
1.125000000000000000e+03,6.712851413634265962e-02,0.000000000000000000e+00
1.126000000000000000e+03,-9.285288204103216148e-02,0.000000000000000000e+00
1.127000000000000000e+03,1.233995567583761332e-01,0.000000000000000000e+00
1.128000000000000000e+03,1.113540414748015461e-01,0.000000000000000000e+00
1.129000000000000000e+03,3.124136387902248790e-01,0.000000000000000000e+00
1.130000000000000000e+03,2.764718844606713910e-01,0.000000000000000000e+00
1.131000000000000000e+03,5.864525889161104066e-01,0.000000000000000000e+00
1.132000000000000000e+03,4.920785704916316727e-01,0.000000000000000000e+00
1.133000000000000000e+03,6.630201067825841621e-02,0.000000000000000000e+00
1.134000000000000000e+03,-4.566013892176639111e-01,0.000000000000000000e+00
1.135000000000000000e+03,-2.477454143297360203e-02,0.000000000000000000e+00
1.136000000000000000e+03,-4.926544144745779175e-01,0.000000000000000000e+00
1.137000000000000000e+03,1.376463940568457278e-01,0.000000000000000000e+00
1.138000000000000000e+03,1.640031848600346509e-01,0.000000000000000000e+00
1.139000000000000000e+03,6.282881372720465762e+00,0.000000000000000000e+00
1.140000000000000000e+03,-4.165912679819472886e-01,1.000000000000000000e+00
1.141000000000000000e+03,-2.182713195155450148e+00,0.000000000000000000e+00
1.142000000000000000e+03,-4.933703767049015809e-01,0.000000000000000000e+00
1.143000000000000000e+03,-1.060578786813908936e+00,0.000000000000000000e+00
1.144000000000000000e+03,-4.272120975142267296e-01,0.000000000000000000e+00
1.145000000000000000e+03,-6.099802551044296584e-01,0.000000000000000000e+00
1.146000000000000000e+03,-1.857835190319345187e-01,0.000000000000000000e+00
1.147000000000000000e+03,-5.481952746434166635e-01,0.000000000000000000e+00
1.148000000000000000e+03,-1.395674474163310641e-01,0.000000000000000000e+00
1.149000000000000000e+03,-2.766589338335685433e-01,0.000000000000000000e+00
1.150000000000000000e+03,3.941363128804776378e-02,0.000000000000000000e+00
1.151000000000000000e+03,2.845549049061426097e-02,0.000000000000000000e+00
1.152000000000000000e+03,2.455124490874166232e-01,0.000000000000000000e+00
1.153000000000000000e+03,3.679190629622580005e-02,0.000000000000000000e+00
1.154000000000000000e+03,4.073276425517242672e-01,0.000000000000000000e+00
1.155000000000000000e+03,2.826460712516491447e-01,0.000000000000000000e+00
1.156000000000000000e+03,2.839914130500726941e-01,0.000000000000000000e+00
1.157000000000000000e+03,1.584830774070329906e-01,0.000000000000000000e+00
1.158000000000000000e+03,-3.533854861718303125e-02,0.000000000000000000e+00
1.159000000000000000e+03,-2.216712432883046480e-01,0.000000000000000000e+00
1.160000000000000000e+03,-1.964794188409856035e-01,0.000000000000000000e+00
1.161000000000000000e+03,-1.815172463792600055e-01,0.000000000000000000e+00
1.162000000000000000e+03,-5.228572547859167835e-02,0.000000000000000000e+00
1.163000000000000000e+03,-3.640159655079399093e-01,0.000000000000000000e+00
1.164000000000000000e+03,-1.663623382566371267e-01,0.000000000000000000e+00
1.165000000000000000e+03,-4.362308702422062340e-02,0.000000000000000000e+00
1.166000000000000000e+03,-6.011966989144362783e-02,0.000000000000000000e+00
1.167000000000000000e+03,-1.917644364888788366e-01,0.000000000000000000e+00
1.168000000000000000e+03,-4.991841894076783082e-02,0.000000000000000000e+00
1.169000000000000000e+03,-2.591617771961896369e-02,0.000000000000000000e+00
1.170000000000000000e+03,5.497881964845747170e-03,0.000000000000000000e+00
1.171000000000000000e+03,-5.788535258445275111e-02,0.000000000000000000e+00
1.172000000000000000e+03,-2.254699371810149969e-02,0.000000000000000000e+00
1.173000000000000000e+03,-1.838207431066620490e-01,0.000000000000000000e+00
1.174000000000000000e+03,2.243499051367818867e-02,0.000000000000000000e+00
1.175000000000000000e+03,3.700070750011064113e-02,0.000000000000000000e+00
1.176000000000000000e+03,3.324763833513132150e-02,0.000000000000000000e+00
1.177000000000000000e+03,-1.231494406783919665e-01,0.000000000000000000e+00
1.178000000000000000e+03,1.249784790755555652e-01,0.000000000000000000e+00
1.179000000000000000e+03,-9.894501138933460560e-02,0.000000000000000000e+00
1.180000000000000000e+03,3.085188658985296446e-03,0.000000000000000000e+00
1.181000000000000000e+03,4.968745253115858934e-02,0.000000000000000000e+00
1.182000000000000000e+03,1.322087945041468815e-01,0.000000000000000000e+00
1.183000000000000000e+03,2.651215698497574880e-01,0.000000000000000000e+00
1.184000000000000000e+03,5.472104270178230756e-01,0.000000000000000000e+00
1.185000000000000000e+03,5.420697899464922420e-01,0.000000000000000000e+00
1.186000000000000000e+03,2.824049388209906586e-01,0.000000000000000000e+00
1.187000000000000000e+03,-3.800333278283204996e-01,0.000000000000000000e+00
1.188000000000000000e+03,-2.847096930984212015e-01,0.000000000000000000e+00
1.189000000000000000e+03,-4.731554694537292161e-01,0.000000000000000000e+00
1.190000000000000000e+03,1.477329592936263251e-02,0.000000000000000000e+00
1.191000000000000000e+03,-3.850185214691829727e-01,0.000000000000000000e+00
1.192000000000000000e+03,1.888870218454081762e+00,0.000000000000000000e+00
1.193000000000000000e+03,5.928735006794963347e+00,0.000000000000000000e+00
1.194000000000000000e+03,-2.590286761239071200e+00,1.000000000000000000e+00
1.195000000000000000e+03,-1.130873193913268127e+00,0.000000000000000000e+00
1.196000000000000000e+03,-1.107775789670642386e+00,0.000000000000000000e+00
1.197000000000000000e+03,-7.671722614622510372e-01,0.000000000000000000e+00
1.198000000000000000e+03,-6.337128839667005575e-01,0.000000000000000000e+00
1.199000000000000000e+03,-5.710420862986014257e-01,0.000000000000000000e+00
1.200000000000000000e+03,-4.012262356356943171e-01,0.000000000000000000e+00
1.201000000000000000e+03,-4.310356622204277177e-01,0.000000000000000000e+00
1.202000000000000000e+03,-2.973110396037197956e-01,0.000000000000000000e+00
1.203000000000000000e+03,-3.589637687643536523e-01,0.000000000000000000e+00
1.204000000000000000e+03,-2.561222254758918626e-01,0.000000000000000000e+00
1.205000000000000000e+03,2.728035895090614657e-03,0.000000000000000000e+00
1.206000000000000000e+03,-5.764043714144892472e-03,0.000000000000000000e+00
1.207000000000000000e+03,4.140799665707399768e-01,0.000000000000000000e+00
1.208000000000000000e+03,1.874904251345199113e-01,0.000000000000000000e+00
1.209000000000000000e+03,4.440224186157088471e-01,0.000000000000000000e+00
1.210000000000000000e+03,2.923049528055376989e-02,0.000000000000000000e+00
1.211000000000000000e+03,-6.728308638077312893e-03,0.000000000000000000e+00
1.212000000000000000e+03,-3.249214775285261259e-01,0.000000000000000000e+00
1.213000000000000000e+03,-1.171324465061542169e-01,0.000000000000000000e+00
1.214000000000000000e+03,-2.684545727403173654e-01,0.000000000000000000e+00
1.215000000000000000e+03,-3.177863903059082729e-01,0.000000000000000000e+00
1.216000000000000000e+03,-2.182698988638646642e-01,0.000000000000000000e+00
1.217000000000000000e+03,-2.663894692052059532e-01,0.000000000000000000e+00
1.218000000000000000e+03,-3.819227885878120343e-01,0.000000000000000000e+00
1.219000000000000000e+03,8.627883046281471791e-02,0.000000000000000000e+00
1.220000000000000000e+03,-1.943681013137764646e-01,0.000000000000000000e+00
1.221000000000000000e+03,8.068295033172478981e-02,0.000000000000000000e+00
1.222000000000000000e+03,-1.102933561409229629e-01,0.000000000000000000e+00
1.223000000000000000e+03,6.798706602787063513e-02,0.000000000000000000e+00
1.224000000000000000e+03,-3.643752456755762481e-02,0.000000000000000000e+00
1.225000000000000000e+03,5.252715418729654584e-02,0.000000000000000000e+00
1.226000000000000000e+03,-1.484224004100643535e-01,0.000000000000000000e+00
1.227000000000000000e+03,1.953382460199123982e-01,0.000000000000000000e+00
1.228000000000000000e+03,-7.461248148081985054e-02,0.000000000000000000e+00
1.229000000000000000e+03,1.613355718264380123e-01,0.000000000000000000e+00
1.230000000000000000e+03,-1.565081078205000364e-01,0.000000000000000000e+00
1.231000000000000000e+03,1.190055947581061396e-01,0.000000000000000000e+00
1.232000000000000000e+03,-4.372288031923981903e-03,0.000000000000000000e+00
1.233000000000000000e+03,1.995086568177540098e-01,0.000000000000000000e+00
1.234000000000000000e+03,3.721588815645177333e-03,0.000000000000000000e+00
1.235000000000000000e+03,4.003546863056662852e-01,0.000000000000000000e+00
1.236000000000000000e+03,2.746485816755718234e-01,0.000000000000000000e+00
1.237000000000000000e+03,8.500114220220044148e-01,0.000000000000000000e+00
1.238000000000000000e+03,3.004518800739137685e-01,0.000000000000000000e+00
1.239000000000000000e+03,3.165833881991980125e-01,0.000000000000000000e+00
1.240000000000000000e+03,-5.119858748409292781e-01,0.000000000000000000e+00
1.241000000000000000e+03,1.187532763974620265e-01,0.000000000000000000e+00
1.242000000000000000e+03,-6.962009036630470993e-01,0.000000000000000000e+00
1.243000000000000000e+03,4.691357835969656720e-01,0.000000000000000000e+00
1.244000000000000000e+03,-4.580550726203047041e-01,0.000000000000000000e+00
1.245000000000000000e+03,6.039255545834550709e+00,0.000000000000000000e+00
1.246000000000000000e+03,3.729006207206133072e-01,1.000000000000000000e+00
1.247000000000000000e+03,-3.038604687236068802e+00,0.000000000000000000e+00
1.248000000000000000e+03,-3.217295966971424614e-01,0.000000000000000000e+00
1.249000000000000000e+03,-1.250280604610843671e+00,0.000000000000000000e+00
1.250000000000000000e+03,-1.969432997450589196e-01,0.000000000000000000e+00
1.251000000000000000e+03,-7.886787127771199835e-01,0.000000000000000000e+00
1.252000000000000000e+03,-5.557727542362131401e-02,0.000000000000000000e+00
1.253000000000000000e+03,-5.561712527940545492e-01,0.000000000000000000e+00
1.254000000000000000e+03,-8.561260817259802591e-02,0.000000000000000000e+00
1.255000000000000000e+03,-3.562891275971470373e-01,0.000000000000000000e+00
1.256000000000000000e+03,2.174761509569843668e-03,0.000000000000000000e+00
1.257000000000000000e+03,-1.115874539913065677e-01,0.000000000000000000e+00
1.258000000000000000e+03,-5.467518811848859350e-02,0.000000000000000000e+00
1.259000000000000000e+03,1.675931712945203933e-01,0.000000000000000000e+00
1.260000000000000000e+03,3.747623119876922204e-01,0.000000000000000000e+00
1.261000000000000000e+03,2.242078075227673384e-01,0.000000000000000000e+00
1.262000000000000000e+03,2.570519560652819724e-01,0.000000000000000000e+00
1.263000000000000000e+03,-2.086174999189798207e-01,0.000000000000000000e+00
1.264000000000000000e+03,-5.869146784364043246e-02,0.000000000000000000e+00
1.265000000000000000e+03,-2.676958820775627856e-01,0.000000000000000000e+00
1.266000000000000000e+03,-2.284604404770917696e-01,0.000000000000000000e+00
1.267000000000000000e+03,-2.702087959900509873e-01,0.000000000000000000e+00
1.268000000000000000e+03,-1.077663139928787955e-01,0.000000000000000000e+00
1.269000000000000000e+03,-2.400193595755817089e-01,0.000000000000000000e+00
1.270000000000000000e+03,-2.024988054924570791e-01,0.000000000000000000e+00
1.271000000000000000e+03,-2.144315886333451882e-01,0.000000000000000000e+00
1.272000000000000000e+03,2.036271123600532501e-02,0.000000000000000000e+00
1.273000000000000000e+03,-2.066373116139503807e-01,0.000000000000000000e+00
1.274000000000000000e+03,2.143889068580733248e-01,0.000000000000000000e+00
1.275000000000000000e+03,-7.160849904607573257e-02,0.000000000000000000e+00
1.276000000000000000e+03,6.374863840127401038e-02,0.000000000000000000e+00
1.277000000000000000e+03,-2.464939762899379799e-02,0.000000000000000000e+00
1.278000000000000000e+03,-1.832340520281046034e-02,0.000000000000000000e+00
1.279000000000000000e+03,-2.248220326817761128e-02,0.000000000000000000e+00
1.280000000000000000e+03,1.408869005255463935e-01,0.000000000000000000e+00
1.281000000000000000e+03,7.558660552243427755e-02,0.000000000000000000e+00
1.282000000000000000e+03,2.073891003833003288e-01,0.000000000000000000e+00
1.283000000000000000e+03,-7.941661414761880255e-02,0.000000000000000000e+00
1.284000000000000000e+03,1.812442826415598951e-01,0.000000000000000000e+00
1.285000000000000000e+03,1.909722701304783776e-01,0.000000000000000000e+00
1.286000000000000000e+03,3.448706423716572655e-01,0.000000000000000000e+00
1.287000000000000000e+03,5.510259723537024312e-01,0.000000000000000000e+00
1.288000000000000000e+03,4.428270404183011766e-01,0.000000000000000000e+00
1.289000000000000000e+03,5.804591819748207149e-01,0.000000000000000000e+00
1.290000000000000000e+03,-1.853986215023842865e-01,0.000000000000000000e+00
1.291000000000000000e+03,-1.127120297110419805e-02,0.000000000000000000e+00
1.292000000000000000e+03,-4.289495685551562576e-01,0.000000000000000000e+00
1.293000000000000000e+03,1.610553706046649602e-02,0.000000000000000000e+00
1.294000000000000000e+03,-2.576828583900699354e-01,0.000000000000000000e+00
1.295000000000000000e+03,1.588969281154068103e+00,0.000000000000000000e+00
1.296000000000000000e+03,5.862790734196324571e+00,0.000000000000000000e+00
1.297000000000000000e+03,-2.803069863613115054e+00,1.000000000000000000e+00
1.298000000000000000e+03,-1.387279003967960334e+00,0.000000000000000000e+00
1.299000000000000000e+03,-7.862396480756501660e-01,0.000000000000000000e+00
1.300000000000000000e+03,-6.394244829208344250e-01,0.000000000000000000e+00
1.301000000000000000e+03,-5.411014788285312127e-01,0.000000000000000000e+00
1.302000000000000000e+03,-3.465666657320106703e-01,0.000000000000000000e+00
1.303000000000000000e+03,-2.020704427205445297e-01,0.000000000000000000e+00
1.304000000000000000e+03,-3.806344604207065330e-01,0.000000000000000000e+00
1.305000000000000000e+03,-7.714658253929225495e-02,0.000000000000000000e+00
1.306000000000000000e+03,-3.087430768841413209e-01,0.000000000000000000e+00
1.307000000000000000e+03,-3.762421612859055686e-02,0.000000000000000000e+00
1.308000000000000000e+03,1.465097255666307496e-02,0.000000000000000000e+00
1.309000000000000000e+03,2.547462275599453596e-01,0.000000000000000000e+00
1.310000000000000000e+03,1.913521037376248735e-01,0.000000000000000000e+00
1.311000000000000000e+03,2.442249590207267451e-01,0.000000000000000000e+00
1.312000000000000000e+03,3.006609059251914018e-01,0.000000000000000000e+00
1.313000000000000000e+03,5.194323107838736547e-02,0.000000000000000000e+00
1.314000000000000000e+03,-1.507498294653062121e-01,0.000000000000000000e+00
1.315000000000000000e+03,-2.189530393199982661e-01,0.000000000000000000e+00
1.316000000000000000e+03,-4.339085921460223427e-01,0.000000000000000000e+00
1.317000000000000000e+03,-2.753936711973937745e-01,0.000000000000000000e+00
1.318000000000000000e+03,-2.600056334870524677e-01,0.000000000000000000e+00
1.319000000000000000e+03,-3.000600243213363827e-01,0.000000000000000000e+00
1.320000000000000000e+03,-3.255332598254812582e-01,0.000000000000000000e+00
1.321000000000000000e+03,-2.969457910419213142e-01,0.000000000000000000e+00
1.322000000000000000e+03,-1.528746374690018728e-01,0.000000000000000000e+00
1.323000000000000000e+03,-5.513218144867935988e-02,0.000000000000000000e+00
1.324000000000000000e+03,-7.667085572639599500e-02,0.000000000000000000e+00
1.325000000000000000e+03,1.461408783543585548e-02,0.000000000000000000e+00
1.326000000000000000e+03,-1.714719773956217552e-01,0.000000000000000000e+00
1.327000000000000000e+03,1.057431173295088761e-01,0.000000000000000000e+00
1.328000000000000000e+03,9.027157826160957417e-04,0.000000000000000000e+00
1.329000000000000000e+03,1.376254186041955541e-01,0.000000000000000000e+00
1.330000000000000000e+03,1.208038679688081402e-01,0.000000000000000000e+00
1.331000000000000000e+03,3.142091391436031139e-02,0.000000000000000000e+00
1.332000000000000000e+03,-1.380016751181750712e-01,0.000000000000000000e+00
1.333000000000000000e+03,1.834105129250631350e-01,0.000000000000000000e+00
1.334000000000000000e+03,9.930693311127159612e-03,0.000000000000000000e+00
1.335000000000000000e+03,2.024628795544765325e-01,0.000000000000000000e+00
1.336000000000000000e+03,1.202099436173639513e-01,0.000000000000000000e+00
1.337000000000000000e+03,3.164915457074782834e-01,0.000000000000000000e+00
1.338000000000000000e+03,3.237935466183576305e-01,0.000000000000000000e+00
1.339000000000000000e+03,6.039996971066214915e-01,0.000000000000000000e+00
1.340000000000000000e+03,2.423156549242702351e-01,0.000000000000000000e+00
1.341000000000000000e+03,4.442968726004820068e-01,0.000000000000000000e+00
1.342000000000000000e+03,-4.967003670117912106e-01,0.000000000000000000e+00
1.343000000000000000e+03,-8.914442657978455253e-02,0.000000000000000000e+00
1.344000000000000000e+03,-5.101084803444926319e-01,0.000000000000000000e+00
1.345000000000000000e+03,2.205031978551363903e-01,0.000000000000000000e+00
1.346000000000000000e+03,-4.544339213044943371e-01,0.000000000000000000e+00
1.347000000000000000e+03,5.898068584357233135e+00,0.000000000000000000e+00
1.348000000000000000e+03,4.505274985804832433e-01,1.000000000000000000e+00
1.349000000000000000e+03,-2.802777104696078325e+00,0.000000000000000000e+00
1.350000000000000000e+03,-2.328553875526371553e-01,0.000000000000000000e+00
1.351000000000000000e+03,-1.314221889368086593e+00,0.000000000000000000e+00
1.352000000000000000e+03,-3.020670015933205055e-01,0.000000000000000000e+00
1.353000000000000000e+03,-7.834109932677758570e-01,0.000000000000000000e+00
1.354000000000000000e+03,-3.254696150007349020e-01,0.000000000000000000e+00
1.355000000000000000e+03,-4.655130815708314329e-01,0.000000000000000000e+00
1.356000000000000000e+03,-4.451236047538361523e-02,0.000000000000000000e+00
1.357000000000000000e+03,-5.042270614055694988e-01,0.000000000000000000e+00
1.358000000000000000e+03,7.574340671146888304e-02,0.000000000000000000e+00
1.359000000000000000e+03,-1.820377280574785317e-01,0.000000000000000000e+00
1.360000000000000000e+03,2.088047875083337279e-01,0.000000000000000000e+00
1.361000000000000000e+03,2.599465605766149712e-01,0.000000000000000000e+00
1.362000000000000000e+03,4.884558833740316186e-01,0.000000000000000000e+00
1.363000000000000000e+03,1.856019972444601096e-01,0.000000000000000000e+00
1.364000000000000000e+03,3.023045310831661281e-01,0.000000000000000000e+00
1.365000000000000000e+03,1.532704774416588922e-01,0.000000000000000000e+00
1.366000000000000000e+03,7.511914669729975735e-02,0.000000000000000000e+00
1.367000000000000000e+03,-2.876473619724150832e-01,0.000000000000000000e+00
1.368000000000000000e+03,-1.734681314135565477e-01,0.000000000000000000e+00
1.369000000000000000e+03,-1.965444632813695414e-01,0.000000000000000000e+00
1.370000000000000000e+03,-2.329387286179457617e-01,0.000000000000000000e+00
1.371000000000000000e+03,-3.420295045254783672e-01,0.000000000000000000e+00
1.372000000000000000e+03,-1.397456997401942680e-01,0.000000000000000000e+00
1.373000000000000000e+03,-1.662365275150738675e-01,0.000000000000000000e+00
1.374000000000000000e+03,-2.399873532735337101e-01,0.000000000000000000e+00
1.375000000000000000e+03,-2.320055984413564865e-01,0.000000000000000000e+00
1.376000000000000000e+03,7.955667011695997937e-03,0.000000000000000000e+00
1.377000000000000000e+03,-8.038911020260607054e-02,0.000000000000000000e+00
1.378000000000000000e+03,-7.776549670849368379e-02,0.000000000000000000e+00
1.379000000000000000e+03,7.047582876884357639e-02,0.000000000000000000e+00
1.380000000000000000e+03,-5.264509771831286239e-02,0.000000000000000000e+00
1.381000000000000000e+03,5.209383485444610967e-02,0.000000000000000000e+00
1.382000000000000000e+03,-2.969327773707064119e-02,0.000000000000000000e+00
1.383000000000000000e+03,5.231157282457863517e-02,0.000000000000000000e+00
1.384000000000000000e+03,-1.272617941578979006e-01,0.000000000000000000e+00
1.385000000000000000e+03,1.281291337500378713e-01,0.000000000000000000e+00
1.386000000000000000e+03,9.190967420593852688e-02,0.000000000000000000e+00
1.387000000000000000e+03,1.305388122183118171e-01,0.000000000000000000e+00
1.388000000000000000e+03,-2.646952077240966386e-02,0.000000000000000000e+00
1.389000000000000000e+03,3.002299920460188565e-01,0.000000000000000000e+00
1.390000000000000000e+03,-5.819245526726308376e-02,0.000000000000000000e+00
1.391000000000000000e+03,7.780561260488378927e-01,0.000000000000000000e+00
1.392000000000000000e+03,3.796249553061707971e-01,0.000000000000000000e+00
1.393000000000000000e+03,3.234482136294452581e-01,0.000000000000000000e+00
1.394000000000000000e+03,-4.593815303786081272e-01,0.000000000000000000e+00
1.395000000000000000e+03,1.936709067873993578e-02,0.000000000000000000e+00
1.396000000000000000e+03,-6.853969246604146859e-01,0.000000000000000000e+00
1.397000000000000000e+03,2.255671016421478547e-01,0.000000000000000000e+00
1.398000000000000000e+03,-9.277578919583302497e-01,0.000000000000000000e+00
1.399000000000000000e+03,4.294973675709258032e+00,0.000000000000000000e+00
1.400000000000000000e+03,3.705608665512236666e+00,1.000000000000000000e+00
1.401000000000000000e+03,-3.595943375705946021e+00,0.000000000000000000e+00
1.402000000000000000e+03,-2.129917037212437358e-01,0.000000000000000000e+00
1.403000000000000000e+03,-1.654039987352739827e+00,0.000000000000000000e+00
1.404000000000000000e+03,-3.509108638094343147e-01,0.000000000000000000e+00
1.405000000000000000e+03,-1.163823636307375953e+00,0.000000000000000000e+00
1.406000000000000000e+03,-1.701976302720852874e-01,0.000000000000000000e+00
1.407000000000000000e+03,-7.802934324671229049e-01,0.000000000000000000e+00
1.408000000000000000e+03,-1.750379940946059920e-01,0.000000000000000000e+00
1.409000000000000000e+03,-4.806394992879885475e-01,0.000000000000000000e+00
1.410000000000000000e+03,-2.410495804436978487e-02,0.000000000000000000e+00
1.411000000000000000e+03,-3.704616067707475202e-01,0.000000000000000000e+00
1.412000000000000000e+03,1.904996660448167456e-01,0.000000000000000000e+00
1.413000000000000000e+03,-1.216108927835365672e-01,0.000000000000000000e+00
1.414000000000000000e+03,4.482789535716517060e-01,0.000000000000000000e+00
1.415000000000000000e+03,2.686468383040758745e-01,0.000000000000000000e+00
1.416000000000000000e+03,4.506298505056081094e-01,0.000000000000000000e+00
1.417000000000000000e+03,4.490398807495630737e-03,0.000000000000000000e+00
1.418000000000000000e+03,1.074359041340264553e-01,0.000000000000000000e+00
1.419000000000000000e+03,-2.804222058130484418e-01,0.000000000000000000e+00
1.420000000000000000e+03,-3.069923892301652454e-02,0.000000000000000000e+00
1.421000000000000000e+03,-4.481855284246513138e-01,0.000000000000000000e+00
1.422000000000000000e+03,6.837530684382005230e-02,0.000000000000000000e+00
1.423000000000000000e+03,-3.221134970295774780e-01,0.000000000000000000e+00
1.424000000000000000e+03,2.322670327238762419e-02,0.000000000000000000e+00
1.425000000000000000e+03,-3.081994754793636604e-01,0.000000000000000000e+00
1.426000000000000000e+03,-5.774934226611753985e-02,0.000000000000000000e+00
1.427000000000000000e+03,-3.597222460299295127e-02,0.000000000000000000e+00
1.428000000000000000e+03,5.582909052679362223e-03,0.000000000000000000e+00
1.429000000000000000e+03,7.667820610038963980e-02,0.000000000000000000e+00
1.430000000000000000e+03,1.936439505095208236e-01,0.000000000000000000e+00
1.431000000000000000e+03,1.045366289443916546e-01,0.000000000000000000e+00
1.432000000000000000e+03,9.088453828634503184e-02,0.000000000000000000e+00
1.433000000000000000e+03,1.193635556664947445e-01,0.000000000000000000e+00
1.434000000000000000e+03,1.506288026081511189e-01,0.000000000000000000e+00
1.435000000000000000e+03,1.548195508522989816e-01,0.000000000000000000e+00
1.436000000000000000e+03,1.592026373030576702e-01,0.000000000000000000e+00
1.437000000000000000e+03,-5.834025529168510721e-02,0.000000000000000000e+00
1.438000000000000000e+03,3.115459440322031481e-01,0.000000000000000000e+00
1.439000000000000000e+03,-5.049752715647568002e-02,0.000000000000000000e+00
1.440000000000000000e+03,2.252650776588029646e-01,0.000000000000000000e+00
1.441000000000000000e+03,2.736108073548615405e-01,0.000000000000000000e+00
1.442000000000000000e+03,3.212295604557704465e-01,0.000000000000000000e+00
1.443000000000000000e+03,5.319373732497878482e-01,0.000000000000000000e+00
1.444000000000000000e+03,4.099217120206279374e-01,0.000000000000000000e+00
1.445000000000000000e+03,3.016999739326429730e-01,0.000000000000000000e+00
1.446000000000000000e+03,-5.240452163253808138e-01,0.000000000000000000e+00
1.447000000000000000e+03,-6.278859964034121111e-02,0.000000000000000000e+00
1.448000000000000000e+03,-5.758986368455321081e-01,0.000000000000000000e+00
1.449000000000000000e+03,2.930899922254794343e-01,0.000000000000000000e+00
1.450000000000000000e+03,-8.396032607269984238e-01,0.000000000000000000e+00
1.451000000000000000e+03,3.529560020346272697e+00,0.000000000000000000e+00
1.452000000000000000e+03,4.350516922983465484e+00,0.000000000000000000e+00
1.453000000000000000e+03,-3.618032885214711669e+00,1.000000000000000000e+00
1.454000000000000000e+03,-4.806290674306703536e-01,0.000000000000000000e+00
1.455000000000000000e+03,-1.483753004855460134e+00,0.000000000000000000e+00
1.456000000000000000e+03,-1.918874914164431233e-01,0.000000000000000000e+00
1.457000000000000000e+03,-9.504286383620089707e-01,0.000000000000000000e+00
1.458000000000000000e+03,-1.075436567401800436e-01,0.000000000000000000e+00
1.459000000000000000e+03,-7.618292965952528917e-01,0.000000000000000000e+00
1.460000000000000000e+03,7.053491439160772258e-02,0.000000000000000000e+00
1.461000000000000000e+03,-5.437189751198706622e-01,0.000000000000000000e+00
1.462000000000000000e+03,-8.514638450680382664e-02,0.000000000000000000e+00
1.463000000000000000e+03,-2.032815851340917246e-01,0.000000000000000000e+00
1.464000000000000000e+03,1.774040305327805322e-01,0.000000000000000000e+00
1.465000000000000000e+03,4.240909617193236447e-02,0.000000000000000000e+00
1.466000000000000000e+03,4.743393274097023049e-01,0.000000000000000000e+00
1.467000000000000000e+03,1.097877198838153601e-01,0.000000000000000000e+00
1.468000000000000000e+03,4.595958489481726250e-01,0.000000000000000000e+00
1.469000000000000000e+03,-2.779251481403415686e-02,0.000000000000000000e+00
1.470000000000000000e+03,8.639030499031137567e-02,0.000000000000000000e+00
1.471000000000000000e+03,-3.457262536507145767e-01,0.000000000000000000e+00
1.472000000000000000e+03,-1.163413088756835856e-01,0.000000000000000000e+00
1.473000000000000000e+03,-3.967674607408515075e-01,0.000000000000000000e+00
1.474000000000000000e+03,1.132647849630107895e-01,0.000000000000000000e+00
1.475000000000000000e+03,-2.407580602359109812e-01,0.000000000000000000e+00
1.476000000000000000e+03,1.141342059345022281e-01,0.000000000000000000e+00
1.477000000000000000e+03,-2.630084237681959425e-01,0.000000000000000000e+00
1.478000000000000000e+03,4.597600699876776276e-02,0.000000000000000000e+00
1.479000000000000000e+03,-1.675092408387666432e-01,0.000000000000000000e+00
1.480000000000000000e+03,2.566807580068795613e-01,0.000000000000000000e+00
1.481000000000000000e+03,-1.116661307522414659e-01,0.000000000000000000e+00
1.482000000000000000e+03,2.784521306218501469e-01,0.000000000000000000e+00
1.483000000000000000e+03,-5.908918148944885922e-03,0.000000000000000000e+00
1.484000000000000000e+03,1.979608739737819811e-01,0.000000000000000000e+00
1.485000000000000000e+03,-1.070861075667706250e-03,0.000000000000000000e+00
1.486000000000000000e+03,1.609601324589315652e-01,0.000000000000000000e+00
1.487000000000000000e+03,-8.917348907865821350e-02,0.000000000000000000e+00
1.488000000000000000e+03,1.314970893181920952e-01,0.000000000000000000e+00
1.489000000000000000e+03,-1.160340697608363558e-01,0.000000000000000000e+00
1.490000000000000000e+03,3.455165585378299764e-01,0.000000000000000000e+00
1.491000000000000000e+03,-9.620528241074277620e-02,0.000000000000000000e+00
1.492000000000000000e+03,4.566679901968865307e-01,0.000000000000000000e+00
1.493000000000000000e+03,-7.360627188378081331e-02,0.000000000000000000e+00
1.494000000000000000e+03,8.501288547007157526e-01,0.000000000000000000e+00
1.495000000000000000e+03,3.125015611400516757e-02,0.000000000000000000e+00
1.496000000000000000e+03,1.959523574431799586e-01,0.000000000000000000e+00
1.497000000000000000e+03,-7.411158734133850290e-01,0.000000000000000000e+00
1.498000000000000000e+03,-1.669891036123645478e-01,0.000000000000000000e+00
1.499000000000000000e+03,-9.447561599201379501e-01,0.000000000000000000e+00
1.500000000000000000e+03,8.530180722477710697e-02,0.000000000000000000e+00
1.501000000000000000e+03,7.718559402047357743e-02,0.000000000000000000e+00
1.502000000000000000e+03,5.988538984932439746e+00,0.000000000000000000e+00
1.503000000000000000e+03,-1.259991070737075614e+00,1.000000000000000000e+00
1.504000000000000000e+03,-2.492138402155640975e+00,0.000000000000000000e+00
1.505000000000000000e+03,-5.661880075370580023e-01,0.000000000000000000e+00
1.506000000000000000e+03,-8.390312034040211531e-01,0.000000000000000000e+00
1.507000000000000000e+03,-5.004112939561370377e-01,0.000000000000000000e+00
1.508000000000000000e+03,-4.514961607619267236e-01,0.000000000000000000e+00
1.509000000000000000e+03,-3.335720661885074878e-01,0.000000000000000000e+00
1.510000000000000000e+03,-3.711537885816666993e-01,0.000000000000000000e+00
1.511000000000000000e+03,-2.291442753073057170e-01,0.000000000000000000e+00
1.512000000000000000e+03,-2.044711783793691784e-01,0.000000000000000000e+00
1.513000000000000000e+03,-1.866852950586076199e-01,0.000000000000000000e+00
1.514000000000000000e+03,-1.443004017950008655e-01,0.000000000000000000e+00
1.515000000000000000e+03,8.923477408506357011e-02,0.000000000000000000e+00
1.516000000000000000e+03,3.195290457500885029e-01,0.000000000000000000e+00
1.517000000000000000e+03,1.281922916522816869e-01,0.000000000000000000e+00
1.518000000000000000e+03,3.785679155478432478e-01,0.000000000000000000e+00
1.519000000000000000e+03,4.927392339043244057e-02,0.000000000000000000e+00
1.520000000000000000e+03,-4.290980166883447133e-02,0.000000000000000000e+00
1.521000000000000000e+03,-2.192735131209365695e-01,0.000000000000000000e+00
1.522000000000000000e+03,-1.453241185123805568e-01,0.000000000000000000e+00
1.523000000000000000e+03,-4.912987792919057406e-01,0.000000000000000000e+00
1.524000000000000000e+03,-2.586710403700874239e-01,0.000000000000000000e+00
1.525000000000000000e+03,-3.123359666177387695e-01,0.000000000000000000e+00
1.526000000000000000e+03,-1.576740340970442800e-01,0.000000000000000000e+00
1.527000000000000000e+03,-3.324178260226851034e-01,0.000000000000000000e+00
1.528000000000000000e+03,1.176292631565314661e-01,0.000000000000000000e+00
1.529000000000000000e+03,-2.472758266308308361e-01,0.000000000000000000e+00
1.530000000000000000e+03,2.185749645857894830e-01,0.000000000000000000e+00
1.531000000000000000e+03,4.613873595855182141e-04,0.000000000000000000e+00
1.532000000000000000e+03,1.514936793999323850e-01,0.000000000000000000e+00
1.533000000000000000e+03,-3.532865707974137265e-02,0.000000000000000000e+00
1.534000000000000000e+03,2.322824572430353396e-01,0.000000000000000000e+00
1.535000000000000000e+03,1.269353916459242670e-01,0.000000000000000000e+00
1.536000000000000000e+03,8.348607703044076678e-02,0.000000000000000000e+00
1.537000000000000000e+03,1.391093437709635394e-01,0.000000000000000000e+00
1.538000000000000000e+03,1.480458128364023906e-01,0.000000000000000000e+00
1.539000000000000000e+03,-2.833259380715522427e-02,0.000000000000000000e+00
1.540000000000000000e+03,3.986339120489689747e-01,0.000000000000000000e+00
1.541000000000000000e+03,-6.728668904111699545e-02,0.000000000000000000e+00
1.542000000000000000e+03,6.009408077828977124e-01,0.000000000000000000e+00
1.543000000000000000e+03,2.618040127877392931e-01,0.000000000000000000e+00
1.544000000000000000e+03,7.821324462486732854e-01,0.000000000000000000e+00
1.545000000000000000e+03,2.860388843449001017e-01,0.000000000000000000e+00
1.546000000000000000e+03,3.101569272027649982e-01,0.000000000000000000e+00
1.547000000000000000e+03,-6.494559974145014403e-01,0.000000000000000000e+00
1.548000000000000000e+03,2.329253085342032625e-01,0.000000000000000000e+00
1.549000000000000000e+03,-6.496390979176318581e-01,0.000000000000000000e+00
1.550000000000000000e+03,4.692352250866060892e-01,0.000000000000000000e+00
1.551000000000000000e+03,-3.664458683627494495e-01,0.000000000000000000e+00
1.552000000000000000e+03,6.025925560026426098e+00,0.000000000000000000e+00
1.553000000000000000e+03,-1.586132898237536948e-02,1.000000000000000000e+00
1.554000000000000000e+03,-2.686124824368799846e+00,0.000000000000000000e+00
1.555000000000000000e+03,-4.400853558639321594e-01,0.000000000000000000e+00
1.556000000000000000e+03,-1.075060346261795585e+00,0.000000000000000000e+00
1.557000000000000000e+03,-5.260364999927582552e-01,0.000000000000000000e+00
1.558000000000000000e+03,-7.275411743756514671e-01,0.000000000000000000e+00
1.559000000000000000e+03,-3.448680231754400749e-01,0.000000000000000000e+00
1.560000000000000000e+03,-4.321717120528969502e-01,0.000000000000000000e+00
1.561000000000000000e+03,-2.427266670910700475e-01,0.000000000000000000e+00
1.562000000000000000e+03,-2.593715703623614699e-01,0.000000000000000000e+00
1.563000000000000000e+03,-1.647165968491711568e-02,0.000000000000000000e+00
1.564000000000000000e+03,-2.543034300119086932e-01,0.000000000000000000e+00
1.565000000000000000e+03,7.924283053742624261e-02,0.000000000000000000e+00
1.566000000000000000e+03,3.393945865331806089e-01,0.000000000000000000e+00
1.567000000000000000e+03,2.663710351965735135e-01,0.000000000000000000e+00
1.568000000000000000e+03,2.452833436205262840e-01,0.000000000000000000e+00
1.569000000000000000e+03,2.247332946062726156e-01,0.000000000000000000e+00
1.570000000000000000e+03,-4.934436243705265547e-03,0.000000000000000000e+00
1.571000000000000000e+03,-2.358923836707286226e-01,0.000000000000000000e+00
1.572000000000000000e+03,-2.375492307090190103e-01,0.000000000000000000e+00
1.573000000000000000e+03,-2.306726543824080822e-01,0.000000000000000000e+00
1.574000000000000000e+03,-1.362931037509065024e-01,0.000000000000000000e+00
1.575000000000000000e+03,-3.256332353649899480e-01,0.000000000000000000e+00
1.576000000000000000e+03,-1.616630728948292017e-01,0.000000000000000000e+00
1.577000000000000000e+03,-2.578662863136427785e-01,0.000000000000000000e+00
1.578000000000000000e+03,-7.643553918994727692e-02,0.000000000000000000e+00
1.579000000000000000e+03,4.548783021193644749e-02,0.000000000000000000e+00
1.580000000000000000e+03,1.007410404054031872e-01,0.000000000000000000e+00
1.581000000000000000e+03,8.962066222602514676e-02,0.000000000000000000e+00
1.582000000000000000e+03,1.245523171466859091e-01,0.000000000000000000e+00
1.583000000000000000e+03,3.815019206619910813e-02,0.000000000000000000e+00
1.584000000000000000e+03,1.897155158413063869e-01,0.000000000000000000e+00
1.585000000000000000e+03,-7.016884673518361537e-02,0.000000000000000000e+00
1.586000000000000000e+03,2.500082725531707628e-01,0.000000000000000000e+00
1.587000000000000000e+03,2.391351156548262094e-02,0.000000000000000000e+00
1.588000000000000000e+03,3.021779792051578206e-01,0.000000000000000000e+00
1.589000000000000000e+03,-2.117690905516264599e-01,0.000000000000000000e+00
1.590000000000000000e+03,3.334588279914741382e-01,0.000000000000000000e+00
1.591000000000000000e+03,-1.163301364822305062e-01,0.000000000000000000e+00
1.592000000000000000e+03,2.853096515759187546e-01,0.000000000000000000e+00
1.593000000000000000e+03,2.066697793992174070e-02,0.000000000000000000e+00
1.594000000000000000e+03,4.424883928176114312e-01,0.000000000000000000e+00
1.595000000000000000e+03,2.163707726501057083e-01,0.000000000000000000e+00
1.596000000000000000e+03,6.183573791050820390e-01,0.000000000000000000e+00
1.597000000000000000e+03,4.803477431463705205e-01,0.000000000000000000e+00
1.598000000000000000e+03,3.705937998760902574e-01,0.000000000000000000e+00
1.599000000000000000e+03,-4.744373665340952950e-01,0.000000000000000000e+00
1.600000000000000000e+03,9.935738857853898542e-02,0.000000000000000000e+00
1.601000000000000000e+03,-7.149738583611136011e-01,0.000000000000000000e+00
1.602000000000000000e+03,4.558166975516928510e-01,0.000000000000000000e+00
1.603000000000000000e+03,-8.997759820057917857e-01,0.000000000000000000e+00
1.604000000000000000e+03,4.441479723753476883e+00,0.000000000000000000e+00
1.605000000000000000e+03,3.318993675402153620e+00,1.000000000000000000e+00
1.606000000000000000e+03,-3.428556301434886766e+00,0.000000000000000000e+00
1.607000000000000000e+03,-4.518010340231416455e-01,0.000000000000000000e+00
1.608000000000000000e+03,-1.474783009975772163e+00,0.000000000000000000e+00
1.609000000000000000e+03,-4.079674155439195204e-01,0.000000000000000000e+00
1.610000000000000000e+03,-9.503016298576618670e-01,0.000000000000000000e+00
1.611000000000000000e+03,-4.030018643867201988e-01,0.000000000000000000e+00
1.612000000000000000e+03,-5.684658280207181003e-01,0.000000000000000000e+00
1.613000000000000000e+03,-4.527513643112351938e-01,0.000000000000000000e+00
1.614000000000000000e+03,-4.086546884997879214e-01,0.000000000000000000e+00
1.615000000000000000e+03,-5.952908215867998981e-02,0.000000000000000000e+00
1.616000000000000000e+03,-2.508980823124420945e-01,0.000000000000000000e+00
1.617000000000000000e+03,-2.130990936430606289e-02,0.000000000000000000e+00
1.618000000000000000e+03,-1.389728241916409618e-02,0.000000000000000000e+00
1.619000000000000000e+03,3.290622050211786109e-01,0.000000000000000000e+00
1.620000000000000000e+03,2.519707692579274960e-01,0.000000000000000000e+00
1.621000000000000000e+03,4.307000936826248516e-01,0.000000000000000000e+00
1.622000000000000000e+03,-1.377875460978151279e-01,0.000000000000000000e+00
1.623000000000000000e+03,-1.367112047868962628e-02,0.000000000000000000e+00
1.624000000000000000e+03,-2.165708667300863532e-01,0.000000000000000000e+00
1.625000000000000000e+03,-1.390983240977323177e-01,0.000000000000000000e+00
1.626000000000000000e+03,-2.494513274435270211e-01,0.000000000000000000e+00
1.627000000000000000e+03,-1.695330611867236215e-01,0.000000000000000000e+00
1.628000000000000000e+03,-4.114149290099494705e-01,0.000000000000000000e+00
1.629000000000000000e+03,-1.624891941693896447e-01,0.000000000000000000e+00
1.630000000000000000e+03,-2.528327502926840387e-01,0.000000000000000000e+00
1.631000000000000000e+03,-8.600090406354077288e-02,0.000000000000000000e+00
1.632000000000000000e+03,-8.634916714870538579e-02,0.000000000000000000e+00
1.633000000000000000e+03,-9.163642673936485405e-02,0.000000000000000000e+00
1.634000000000000000e+03,-9.299795852455011724e-02,0.000000000000000000e+00
1.635000000000000000e+03,-7.683506105933332608e-02,0.000000000000000000e+00
1.636000000000000000e+03,5.297279247795941282e-02,0.000000000000000000e+00
1.637000000000000000e+03,7.487671742953463938e-02,0.000000000000000000e+00
1.638000000000000000e+03,1.125411598427657339e-01,0.000000000000000000e+00
1.639000000000000000e+03,-2.146423227318308008e-02,0.000000000000000000e+00
1.640000000000000000e+03,1.318081915908472512e-01,0.000000000000000000e+00
1.641000000000000000e+03,-1.872779786141985647e-02,0.000000000000000000e+00
1.642000000000000000e+03,1.058008738964798939e-01,0.000000000000000000e+00
1.643000000000000000e+03,3.572443069033617163e-02,0.000000000000000000e+00
1.644000000000000000e+03,2.602200820235854306e-01,0.000000000000000000e+00
1.645000000000000000e+03,1.029581549454861300e-01,0.000000000000000000e+00
1.646000000000000000e+03,1.565762108946341935e-01,0.000000000000000000e+00
1.647000000000000000e+03,5.834396568303107378e-02,0.000000000000000000e+00
1.648000000000000000e+03,4.701391197833215130e-01,0.000000000000000000e+00
1.649000000000000000e+03,1.300908817796319339e-01,0.000000000000000000e+00
1.650000000000000000e+03,8.509715663529192620e-01,0.000000000000000000e+00
1.651000000000000000e+03,3.143930871949500161e-01,0.000000000000000000e+00
1.652000000000000000e+03,2.452964111547033810e-01,0.000000000000000000e+00
1.653000000000000000e+03,-6.448439191187496089e-01,0.000000000000000000e+00
1.654000000000000000e+03,7.818089208799579304e-02,0.000000000000000000e+00
1.655000000000000000e+03,-7.922442070437650807e-01,0.000000000000000000e+00
1.656000000000000000e+03,3.912466609414169683e-01,0.000000000000000000e+00
1.657000000000000000e+03,-3.858255958101863836e-01,0.000000000000000000e+00
1.658000000000000000e+03,5.795959606796429853e+00,0.000000000000000000e+00
1.659000000000000000e+03,6.202797018265477913e-01,1.000000000000000000e+00
1.660000000000000000e+03,-3.113647294584129366e+00,0.000000000000000000e+00
1.661000000000000000e+03,-4.395125898339570236e-01,0.000000000000000000e+00
1.662000000000000000e+03,-1.318229977066753822e+00,0.000000000000000000e+00
1.663000000000000000e+03,-2.995646839779637083e-01,0.000000000000000000e+00
1.664000000000000000e+03,-7.631193579457496989e-01,0.000000000000000000e+00
1.665000000000000000e+03,-3.076395683674046921e-01,0.000000000000000000e+00
1.666000000000000000e+03,-6.368218091907937861e-01,0.000000000000000000e+00
1.667000000000000000e+03,-1.909317588724825376e-01,0.000000000000000000e+00
1.668000000000000000e+03,-4.962620997709800141e-01,0.000000000000000000e+00
1.669000000000000000e+03,-7.943753442519822794e-02,0.000000000000000000e+00
1.670000000000000000e+03,-2.448336816285229534e-01,0.000000000000000000e+00
1.671000000000000000e+03,1.979883648432281262e-01,0.000000000000000000e+00
1.672000000000000000e+03,4.353478526160942108e-02,0.000000000000000000e+00
1.673000000000000000e+03,4.135894909498076255e-01,0.000000000000000000e+00
1.674000000000000000e+03,1.874712658772750007e-01,0.000000000000000000e+00
1.675000000000000000e+03,2.089669362819746301e-01,0.000000000000000000e+00
1.676000000000000000e+03,-8.004643697806410052e-02,0.000000000000000000e+00
1.677000000000000000e+03,-8.975903722507561078e-02,0.000000000000000000e+00
1.678000000000000000e+03,-3.592154948994631947e-01,0.000000000000000000e+00
1.679000000000000000e+03,-3.054518869908706136e-01,0.000000000000000000e+00
1.680000000000000000e+03,-4.894726363587039580e-02,0.000000000000000000e+00
1.681000000000000000e+03,-1.190793185680417143e-01,0.000000000000000000e+00
1.682000000000000000e+03,-2.055575797625775469e-01,0.000000000000000000e+00
1.683000000000000000e+03,-9.824718353824055117e-02,0.000000000000000000e+00
1.684000000000000000e+03,-2.099921409401184214e-01,0.000000000000000000e+00
1.685000000000000000e+03,-4.947276154350174759e-02,0.000000000000000000e+00
1.686000000000000000e+03,-9.669845807924223879e-02,0.000000000000000000e+00
1.687000000000000000e+03,1.002303224236816004e-01,0.000000000000000000e+00
1.688000000000000000e+03,-5.028527755961435808e-02,0.000000000000000000e+00
1.689000000000000000e+03,7.699669492922026071e-02,0.000000000000000000e+00
1.690000000000000000e+03,1.228145754393188127e-01,0.000000000000000000e+00
1.691000000000000000e+03,-8.209059615057322234e-02,0.000000000000000000e+00
1.692000000000000000e+03,1.544607493980997281e-01,0.000000000000000000e+00
1.693000000000000000e+03,8.915141897796617643e-02,0.000000000000000000e+00
1.694000000000000000e+03,5.119326400591442394e-02,0.000000000000000000e+00
1.695000000000000000e+03,6.171440119527096813e-02,0.000000000000000000e+00
1.696000000000000000e+03,6.398477293359071394e-02,0.000000000000000000e+00
1.697000000000000000e+03,2.353216565869543642e-01,0.000000000000000000e+00
1.698000000000000000e+03,6.436985754588833708e-02,0.000000000000000000e+00
1.699000000000000000e+03,2.007263528724297641e-01,0.000000000000000000e+00
1.700000000000000000e+03,4.453402685826338137e-01,0.000000000000000000e+00
1.701000000000000000e+03,4.091646661778095551e-01,0.000000000000000000e+00
1.702000000000000000e+03,6.245970610761113484e-01,0.000000000000000000e+00
1.703000000000000000e+03,3.866480007149248888e-01,0.000000000000000000e+00
1.704000000000000000e+03,-5.366341732235049844e-02,0.000000000000000000e+00
1.705000000000000000e+03,-2.490743456018418567e-01,0.000000000000000000e+00
1.706000000000000000e+03,-1.182617963817720053e-01,0.000000000000000000e+00
1.707000000000000000e+03,-3.514043271355800080e-01,0.000000000000000000e+00
1.708000000000000000e+03,-1.405521020272829658e-01,0.000000000000000000e+00
1.709000000000000000e+03,9.325600656215512485e-01,0.000000000000000000e+00
1.710000000000000000e+03,5.815192205020525584e+00,0.000000000000000000e+00
1.711000000000000000e+03,-1.812675189951784338e+00,1.000000000000000000e+00
1.712000000000000000e+03,-1.976362385769599328e+00,0.000000000000000000e+00
1.713000000000000000e+03,-5.844920467447675128e-01,0.000000000000000000e+00
1.714000000000000000e+03,-8.836921606091646675e-01,0.000000000000000000e+00
1.715000000000000000e+03,-4.480655756255030320e-01,0.000000000000000000e+00
1.716000000000000000e+03,-5.930048356260038123e-01,0.000000000000000000e+00
1.717000000000000000e+03,-1.833174573344298897e-01,0.000000000000000000e+00
1.718000000000000000e+03,-3.932007030353012467e-01,0.000000000000000000e+00
1.719000000000000000e+03,-1.962000179339768446e-01,0.000000000000000000e+00
1.720000000000000000e+03,-2.483747648920660300e-01,0.000000000000000000e+00
1.721000000000000000e+03,-2.025593368592728261e-01,0.000000000000000000e+00
1.722000000000000000e+03,1.352756323828502583e-01,0.000000000000000000e+00
1.723000000000000000e+03,7.475891942968330983e-02,0.000000000000000000e+00
1.724000000000000000e+03,1.193156635480587119e-01,0.000000000000000000e+00
1.725000000000000000e+03,2.283628056902872183e-01,0.000000000000000000e+00
1.726000000000000000e+03,2.945622427262966636e-01,0.000000000000000000e+00
1.727000000000000000e+03,1.989722072409818021e-01,0.000000000000000000e+00
1.728000000000000000e+03,-1.606631092579144660e-01,0.000000000000000000e+00
1.729000000000000000e+03,-2.795614716354103413e-01,0.000000000000000000e+00
1.730000000000000000e+03,-3.463592318067309495e-01,0.000000000000000000e+00
1.731000000000000000e+03,-2.694058540736064544e-01,0.000000000000000000e+00
1.732000000000000000e+03,-2.574754558184974562e-01,0.000000000000000000e+00
1.733000000000000000e+03,-2.817555507193131303e-01,0.000000000000000000e+00
1.734000000000000000e+03,-9.024923266896865692e-02,0.000000000000000000e+00
1.735000000000000000e+03,-1.489000956481152660e-01,0.000000000000000000e+00
1.736000000000000000e+03,-1.315229091146078166e-01,0.000000000000000000e+00
1.737000000000000000e+03,-1.064662436870938284e-01,0.000000000000000000e+00
1.738000000000000000e+03,9.753065693786745760e-02,0.000000000000000000e+00
1.739000000000000000e+03,-6.789119277339766834e-02,0.000000000000000000e+00
1.740000000000000000e+03,9.304723948584621429e-02,0.000000000000000000e+00
1.741000000000000000e+03,5.560394191434585819e-03,0.000000000000000000e+00
1.742000000000000000e+03,1.929470881216883982e-01,0.000000000000000000e+00
1.743000000000000000e+03,-8.213534094325108947e-02,0.000000000000000000e+00
1.744000000000000000e+03,2.106817335374981323e-02,0.000000000000000000e+00
1.745000000000000000e+03,1.324642433768540850e-01,0.000000000000000000e+00
1.746000000000000000e+03,1.452562254764672434e-01,0.000000000000000000e+00
1.747000000000000000e+03,1.030182080862325905e-01,0.000000000000000000e+00
1.748000000000000000e+03,1.303934360208698628e-01,0.000000000000000000e+00
1.749000000000000000e+03,1.193966461987232830e-01,0.000000000000000000e+00
1.750000000000000000e+03,5.310142647996892729e-01,0.000000000000000000e+00
1.751000000000000000e+03,1.241187958746578224e-01,0.000000000000000000e+00
1.752000000000000000e+03,7.524396924997313052e-01,0.000000000000000000e+00
1.753000000000000000e+03,6.378774849371399158e-01,0.000000000000000000e+00
1.754000000000000000e+03,4.714756446418668090e-01,0.000000000000000000e+00
1.755000000000000000e+03,-4.502749593499070224e-01,0.000000000000000000e+00
1.756000000000000000e+03,1.370211185810221895e-02,0.000000000000000000e+00
1.757000000000000000e+03,-4.280346294887020786e-01,0.000000000000000000e+00
1.758000000000000000e+03,-2.368892988191397680e-02,0.000000000000000000e+00
1.759000000000000000e+03,-4.083862448217162600e-01,0.000000000000000000e+00
1.760000000000000000e+03,2.535373909218430644e+00,0.000000000000000000e+00
1.761000000000000000e+03,4.774640710196472071e+00,0.000000000000000000e+00
1.762000000000000000e+03,-3.545569979151992346e+00,1.000000000000000000e+00
1.763000000000000000e+03,-9.198904202193255442e-01,0.000000000000000000e+00
1.764000000000000000e+03,-1.179384299573949413e+00,0.000000000000000000e+00
1.765000000000000000e+03,-4.147829936185453148e-01,0.000000000000000000e+00
1.766000000000000000e+03,-7.368890815041956310e-01,0.000000000000000000e+00
1.767000000000000000e+03,-3.714741598736888140e-01,0.000000000000000000e+00
1.768000000000000000e+03,-4.812943953924663787e-01,0.000000000000000000e+00
1.769000000000000000e+03,-2.480052942266446347e-01,0.000000000000000000e+00
1.770000000000000000e+03,-4.483050938417704190e-01,0.000000000000000000e+00
1.771000000000000000e+03,-1.190553029927721163e-01,0.000000000000000000e+00
1.772000000000000000e+03,-2.153782673530636460e-01,0.000000000000000000e+00
1.773000000000000000e+03,1.296790218248859705e-01,0.000000000000000000e+00
1.774000000000000000e+03,-1.255399927916030778e-01,0.000000000000000000e+00
1.775000000000000000e+03,4.362332964748918407e-01,0.000000000000000000e+00
1.776000000000000000e+03,1.385299164594981647e-01,0.000000000000000000e+00
1.777000000000000000e+03,3.252705620290229915e-01,0.000000000000000000e+00
1.778000000000000000e+03,2.983222520188900939e-02,0.000000000000000000e+00
1.779000000000000000e+03,-4.623238629658660975e-02,0.000000000000000000e+00
1.780000000000000000e+03,-1.176418754669869282e-01,0.000000000000000000e+00
1.781000000000000000e+03,-1.596385514973084618e-01,0.000000000000000000e+00
1.782000000000000000e+03,-3.156500928243188842e-01,0.000000000000000000e+00
1.783000000000000000e+03,-7.227627214400628164e-02,0.000000000000000000e+00
1.784000000000000000e+03,-1.810042620901124999e-01,0.000000000000000000e+00
1.785000000000000000e+03,-1.708562004573507542e-01,0.000000000000000000e+00
1.786000000000000000e+03,-9.892057026995421110e-02,0.000000000000000000e+00
1.787000000000000000e+03,-7.665976140708470610e-02,0.000000000000000000e+00
1.788000000000000000e+03,-6.069350742085950073e-02,0.000000000000000000e+00
1.789000000000000000e+03,1.272714280004199061e-01,0.000000000000000000e+00
1.790000000000000000e+03,2.083763324258871771e-02,0.000000000000000000e+00
1.791000000000000000e+03,8.525053758515115099e-02,0.000000000000000000e+00
1.792000000000000000e+03,-2.400517623496975506e-02,0.000000000000000000e+00
1.793000000000000000e+03,8.544731021173557206e-02,0.000000000000000000e+00
1.794000000000000000e+03,-1.379633231818925502e-03,0.000000000000000000e+00
1.795000000000000000e+03,1.509946480809400832e-02,0.000000000000000000e+00
1.796000000000000000e+03,-2.799866545416510033e-02,0.000000000000000000e+00
1.797000000000000000e+03,5.377971831352202498e-02,0.000000000000000000e+00
1.798000000000000000e+03,2.753664561262829033e-02,0.000000000000000000e+00
1.799000000000000000e+03,6.126092792805377246e-02,0.000000000000000000e+00
1.800000000000000000e+03,2.638748741585459495e-02,0.000000000000000000e+00
1.801000000000000000e+03,-1.059609059899839500e-02,0.000000000000000000e+00
1.802000000000000000e+03,1.140644225332327344e-01,0.000000000000000000e+00
1.803000000000000000e+03,2.081246780353731007e-01,0.000000000000000000e+00
1.804000000000000000e+03,2.570671067114726482e-01,0.000000000000000000e+00
1.805000000000000000e+03,6.542917475316452069e-01,0.000000000000000000e+00
1.806000000000000000e+03,4.553918520441851969e-01,0.000000000000000000e+00
1.807000000000000000e+03,5.441436144396132324e-01,0.000000000000000000e+00
1.808000000000000000e+03,-2.946752188494404789e-01,0.000000000000000000e+00
1.809000000000000000e+03,-2.561789440765832246e-02,0.000000000000000000e+00
1.810000000000000000e+03,-5.350142225086677028e-01,0.000000000000000000e+00
1.811000000000000000e+03,1.933989541536142442e-01,0.000000000000000000e+00
1.812000000000000000e+03,-5.027658776521507500e-01,0.000000000000000000e+00
1.813000000000000000e+03,2.452234228762863566e+00,0.000000000000000000e+00
1.814000000000000000e+03,5.232045108474754791e+00,0.000000000000000000e+00
1.815000000000000000e+03,-3.127568047009245511e+00,1.000000000000000000e+00
1.816000000000000000e+03,-8.504912856044535285e-01,0.000000000000000000e+00
1.817000000000000000e+03,-1.214614072714173876e+00,0.000000000000000000e+00
1.818000000000000000e+03,-5.014961702638734975e-01,0.000000000000000000e+00
1.819000000000000000e+03,-7.167710274103515911e-01,0.000000000000000000e+00
1.820000000000000000e+03,-4.718704553383678002e-01,0.000000000000000000e+00
1.821000000000000000e+03,-5.338544942308409702e-01,0.000000000000000000e+00
1.822000000000000000e+03,-2.912898365190331185e-01,0.000000000000000000e+00
1.823000000000000000e+03,-3.932470967825453245e-01,0.000000000000000000e+00
1.824000000000000000e+03,-1.532788758393244244e-01,0.000000000000000000e+00
1.825000000000000000e+03,-1.633687368304427845e-01,0.000000000000000000e+00
1.826000000000000000e+03,-3.858851241830701245e-02,0.000000000000000000e+00
1.827000000000000000e+03,-1.207399671457645568e-01,0.000000000000000000e+00
1.828000000000000000e+03,1.749104192206087094e-01,0.000000000000000000e+00
1.829000000000000000e+03,3.414148206483789139e-01,0.000000000000000000e+00
1.830000000000000000e+03,3.781062779839152732e-01,0.000000000000000000e+00
1.831000000000000000e+03,8.751610394487349676e-02,0.000000000000000000e+00
1.832000000000000000e+03,9.551921992097746339e-02,0.000000000000000000e+00
1.833000000000000000e+03,-3.340678504989558761e-01,0.000000000000000000e+00
1.834000000000000000e+03,-4.844835459034728398e-02,0.000000000000000000e+00
1.835000000000000000e+03,-2.782148021236531266e-01,0.000000000000000000e+00
1.836000000000000000e+03,-2.589026164707312616e-01,0.000000000000000000e+00
1.837000000000000000e+03,-3.332599135277890534e-01,0.000000000000000000e+00
1.838000000000000000e+03,-5.454429117543405092e-02,0.000000000000000000e+00
1.839000000000000000e+03,-3.676794508454649391e-01,0.000000000000000000e+00
1.840000000000000000e+03,-2.590868697260980541e-02,0.000000000000000000e+00
1.841000000000000000e+03,-1.947483841640848257e-01,0.000000000000000000e+00
1.842000000000000000e+03,1.673231052650742557e-03,0.000000000000000000e+00
1.843000000000000000e+03,-2.221710516341538488e-01,0.000000000000000000e+00
1.844000000000000000e+03,2.423467007689372385e-02,0.000000000000000000e+00
1.845000000000000000e+03,-3.944541428923832582e-02,0.000000000000000000e+00
1.846000000000000000e+03,1.070912588178905694e-01,0.000000000000000000e+00
1.847000000000000000e+03,-1.060872646082100662e-01,0.000000000000000000e+00
1.848000000000000000e+03,9.720532644324729465e-02,0.000000000000000000e+00
1.849000000000000000e+03,2.288472467845407282e-02,0.000000000000000000e+00
1.850000000000000000e+03,2.917233754240632082e-02,0.000000000000000000e+00
1.851000000000000000e+03,4.411431177507278006e-02,0.000000000000000000e+00
1.852000000000000000e+03,9.296091919643957591e-02,0.000000000000000000e+00
1.853000000000000000e+03,1.652149690018691608e-01,0.000000000000000000e+00
1.854000000000000000e+03,1.715531402155510698e-01,0.000000000000000000e+00
1.855000000000000000e+03,-2.317885509802743507e-02,0.000000000000000000e+00
1.856000000000000000e+03,2.501586663412429523e-01,0.000000000000000000e+00
1.857000000000000000e+03,1.995633857230466046e-01,0.000000000000000000e+00
1.858000000000000000e+03,3.311536391125147194e-01,0.000000000000000000e+00
1.859000000000000000e+03,3.893708895386719937e-01,0.000000000000000000e+00
1.860000000000000000e+03,8.506176356028913865e-01,0.000000000000000000e+00
1.861000000000000000e+03,3.972176513908260986e-01,0.000000000000000000e+00
1.862000000000000000e+03,1.445222289596068688e-01,0.000000000000000000e+00
1.863000000000000000e+03,-4.620788641172390299e-01,0.000000000000000000e+00
1.864000000000000000e+03,-2.870923628571415021e-03,0.000000000000000000e+00
1.865000000000000000e+03,-4.687028980163167047e-01,0.000000000000000000e+00
1.866000000000000000e+03,1.756618317182769007e-01,0.000000000000000000e+00
1.867000000000000000e+03,-9.498078174688431852e-02,0.000000000000000000e+00
1.868000000000000000e+03,6.322133994255595191e+00,0.000000000000000000e+00
1.869000000000000000e+03,-6.316834702542588609e-01,1.000000000000000000e+00
1.870000000000000000e+03,-2.280217362181532703e+00,0.000000000000000000e+00
1.871000000000000000e+03,-5.564800344943523491e-01,0.000000000000000000e+00
1.872000000000000000e+03,-1.138761630927795920e+00,0.000000000000000000e+00
1.873000000000000000e+03,-5.087773142818291516e-01,0.000000000000000000e+00
1.874000000000000000e+03,-8.638306801946528113e-01,0.000000000000000000e+00
1.875000000000000000e+03,-4.346127126259062834e-01,0.000000000000000000e+00
1.876000000000000000e+03,-5.931779818188710474e-01,0.000000000000000000e+00
1.877000000000000000e+03,-1.025022335909699933e-01,0.000000000000000000e+00
1.878000000000000000e+03,-4.192024318979769570e-01,0.000000000000000000e+00
1.879000000000000000e+03,-1.543532451586196175e-01,0.000000000000000000e+00
1.880000000000000000e+03,-1.144594991752939661e-01,0.000000000000000000e+00
1.881000000000000000e+03,7.040490610552276041e-02,0.000000000000000000e+00
1.882000000000000000e+03,1.276442611261875693e-01,0.000000000000000000e+00
1.883000000000000000e+03,3.026511454338964291e-01,0.000000000000000000e+00
1.884000000000000000e+03,2.742498946217387101e-01,0.000000000000000000e+00
1.885000000000000000e+03,2.571592459714707180e-01,0.000000000000000000e+00
1.886000000000000000e+03,-1.219116819690388431e-02,0.000000000000000000e+00
1.887000000000000000e+03,-1.034063386291332598e-01,0.000000000000000000e+00
1.888000000000000000e+03,-3.016367756008157541e-01,0.000000000000000000e+00
1.889000000000000000e+03,-2.244623604278494222e-01,0.000000000000000000e+00
1.890000000000000000e+03,-2.826134291478963334e-01,0.000000000000000000e+00
1.891000000000000000e+03,-1.160738206684194807e-01,0.000000000000000000e+00
1.892000000000000000e+03,-3.627007813152919313e-01,0.000000000000000000e+00
1.893000000000000000e+03,-2.044235565947003785e-01,0.000000000000000000e+00
1.894000000000000000e+03,-1.276256133844025920e-01,0.000000000000000000e+00
1.895000000000000000e+03,-1.694474928843515416e-01,0.000000000000000000e+00
1.896000000000000000e+03,-8.291078716520706993e-02,0.000000000000000000e+00
1.897000000000000000e+03,-1.918380000494721294e-01,0.000000000000000000e+00
1.898000000000000000e+03,1.155548734465163679e-01,0.000000000000000000e+00
1.899000000000000000e+03,6.492871983062219188e-02,0.000000000000000000e+00
1.900000000000000000e+03,-7.020100841601185915e-02,0.000000000000000000e+00
1.901000000000000000e+03,1.326175315769929919e-01,0.000000000000000000e+00
1.902000000000000000e+03,-1.010929629413503533e-01,0.000000000000000000e+00
1.903000000000000000e+03,1.037456019732915097e-02,0.000000000000000000e+00
1.904000000000000000e+03,4.228152848226667676e-02,0.000000000000000000e+00
1.905000000000000000e+03,8.771512136223098832e-02,0.000000000000000000e+00
1.906000000000000000e+03,6.643356308740919203e-02,0.000000000000000000e+00
1.907000000000000000e+03,-8.455702744564763673e-02,0.000000000000000000e+00
1.908000000000000000e+03,9.995464952778482237e-02,0.000000000000000000e+00
1.909000000000000000e+03,9.613064775392098082e-02,0.000000000000000000e+00
1.910000000000000000e+03,1.589040734539316491e-01,0.000000000000000000e+00
1.911000000000000000e+03,3.135401509140413601e-01,0.000000000000000000e+00
1.912000000000000000e+03,1.919833459610320314e-01,0.000000000000000000e+00
1.913000000000000000e+03,5.858675139572298018e-01,0.000000000000000000e+00
1.914000000000000000e+03,4.810385394010177618e-01,0.000000000000000000e+00
1.915000000000000000e+03,3.906693642589822435e-01,0.000000000000000000e+00
1.916000000000000000e+03,-5.421567772495277104e-01,0.000000000000000000e+00
1.917000000000000000e+03,7.280524711106184377e-02,0.000000000000000000e+00
1.918000000000000000e+03,-5.124175684031201383e-01,0.000000000000000000e+00
1.919000000000000000e+03,-5.458729495568429881e-03,0.000000000000000000e+00
1.920000000000000000e+03,-4.093269488798346734e-01,0.000000000000000000e+00
1.921000000000000000e+03,2.908971205733618337e+00,0.000000000000000000e+00
1.922000000000000000e+03,4.503820588248226287e+00,0.000000000000000000e+00
1.923000000000000000e+03,-3.531811725296310822e+00,1.000000000000000000e+00
1.924000000000000000e+03,-6.368736162649940580e-01,0.000000000000000000e+00
1.925000000000000000e+03,-1.170999365719944896e+00,0.000000000000000000e+00
1.926000000000000000e+03,-3.443164677838558285e-01,0.000000000000000000e+00
1.927000000000000000e+03,-8.489700342973643954e-01,0.000000000000000000e+00
1.928000000000000000e+03,-2.063294366671401259e-01,0.000000000000000000e+00
1.929000000000000000e+03,-6.559811149869364533e-01,0.000000000000000000e+00
1.930000000000000000e+03,-6.058876499278181144e-02,0.000000000000000000e+00
1.931000000000000000e+03,-4.282568625784058947e-01,0.000000000000000000e+00
1.932000000000000000e+03,4.026840297103211064e-02,0.000000000000000000e+00
1.933000000000000000e+03,-1.744125482048978493e-01,0.000000000000000000e+00
1.934000000000000000e+03,8.981026363071956120e-02,0.000000000000000000e+00
1.935000000000000000e+03,1.638229475104884258e-01,0.000000000000000000e+00
1.936000000000000000e+03,2.143304398319950677e-01,0.000000000000000000e+00
1.937000000000000000e+03,3.238933785419086941e-01,0.000000000000000000e+00
1.938000000000000000e+03,5.036689790872390660e-01,0.000000000000000000e+00
1.939000000000000000e+03,-6.515973261197259558e-02,0.000000000000000000e+00
1.940000000000000000e+03,9.071725086729642840e-02,0.000000000000000000e+00
1.941000000000000000e+03,-2.481435678091814256e-01,0.000000000000000000e+00
1.942000000000000000e+03,1.318019434387306121e-02,0.000000000000000000e+00
1.943000000000000000e+03,-3.022841038901428745e-01,0.000000000000000000e+00
1.944000000000000000e+03,-9.968551687809908135e-02,0.000000000000000000e+00
1.945000000000000000e+03,-3.076956571940715479e-01,0.000000000000000000e+00
1.946000000000000000e+03,7.879302120265526191e-03,0.000000000000000000e+00
1.947000000000000000e+03,-2.468983050808040147e-01,0.000000000000000000e+00
1.948000000000000000e+03,5.354142783071669243e-02,0.000000000000000000e+00
1.949000000000000000e+03,-2.370874390187854563e-01,0.000000000000000000e+00
1.950000000000000000e+03,1.976635992080075233e-01,0.000000000000000000e+00
1.951000000000000000e+03,-1.956954651335486295e-01,0.000000000000000000e+00
1.952000000000000000e+03,1.208559446400290366e-01,0.000000000000000000e+00
1.953000000000000000e+03,-3.126126014224175909e-02,0.000000000000000000e+00
1.954000000000000000e+03,1.029454230652340763e-01,0.000000000000000000e+00
1.955000000000000000e+03,-9.888867510203949718e-02,0.000000000000000000e+00
1.956000000000000000e+03,1.453709224835042502e-01,0.000000000000000000e+00
1.957000000000000000e+03,-9.524659770999041597e-02,0.000000000000000000e+00
1.958000000000000000e+03,2.834844436185125494e-01,0.000000000000000000e+00
1.959000000000000000e+03,-8.555310911640191807e-02,0.000000000000000000e+00
1.960000000000000000e+03,2.809965061501014105e-01,0.000000000000000000e+00
1.961000000000000000e+03,-1.885635589658591358e-03,0.000000000000000000e+00
1.962000000000000000e+03,3.717905577904384584e-01,0.000000000000000000e+00
1.963000000000000000e+03,3.293226147822718719e-01,0.000000000000000000e+00
1.964000000000000000e+03,6.970266175216380811e-01,0.000000000000000000e+00
1.965000000000000000e+03,3.566913345068156715e-01,0.000000000000000000e+00
1.966000000000000000e+03,3.689457039500125823e-01,0.000000000000000000e+00
1.967000000000000000e+03,-4.924844041054493582e-01,0.000000000000000000e+00
1.968000000000000000e+03,1.643142092945365784e-01,0.000000000000000000e+00
1.969000000000000000e+03,-6.895292563868712366e-01,0.000000000000000000e+00
1.970000000000000000e+03,3.989251352585539423e-01,0.000000000000000000e+00
1.971000000000000000e+03,-9.125181461339967326e-01,0.000000000000000000e+00
1.972000000000000000e+03,4.380077048014497265e+00,0.000000000000000000e+00
1.973000000000000000e+03,2.566175022171895304e+00,1.000000000000000000e+00
1.974000000000000000e+03,-3.677122771695468195e+00,0.000000000000000000e+00
1.975000000000000000e+03,-3.484443705751812392e-01,0.000000000000000000e+00
1.976000000000000000e+03,-1.147787549036871413e+00,0.000000000000000000e+00
1.977000000000000000e+03,-2.490696759958408724e-01,0.000000000000000000e+00
1.978000000000000000e+03,-6.738670560351146532e-01,0.000000000000000000e+00
1.979000000000000000e+03,-1.062835328741629642e-01,0.000000000000000000e+00
1.980000000000000000e+03,-4.340062498607291652e-01,0.000000000000000000e+00
1.981000000000000000e+03,-9.762736794654827688e-02,0.000000000000000000e+00
1.982000000000000000e+03,-2.475889783465247129e-01,0.000000000000000000e+00
1.983000000000000000e+03,-7.798944973860691410e-02,0.000000000000000000e+00
1.984000000000000000e+03,-8.167278974268432634e-02,0.000000000000000000e+00
1.985000000000000000e+03,2.015795459968126868e-02,0.000000000000000000e+00
1.986000000000000000e+03,6.477192774384145368e-02,0.000000000000000000e+00
1.987000000000000000e+03,3.109430945184407658e-01,0.000000000000000000e+00
1.988000000000000000e+03,1.320051750288978309e-01,0.000000000000000000e+00
1.989000000000000000e+03,3.458886315644922882e-01,0.000000000000000000e+00
1.990000000000000000e+03,8.066856409212284570e-03,0.000000000000000000e+00
1.991000000000000000e+03,-5.695096977835848590e-02,0.000000000000000000e+00
1.992000000000000000e+03,-3.040757336301573299e-01,0.000000000000000000e+00
1.993000000000000000e+03,-3.309864987622577193e-01,0.000000000000000000e+00
1.994000000000000000e+03,-3.624240076437971747e-01,0.000000000000000000e+00
1.995000000000000000e+03,-2.832810209238240118e-01,0.000000000000000000e+00
1.996000000000000000e+03,-2.264797307327147680e-01,0.000000000000000000e+00
1.997000000000000000e+03,-1.851392418132547513e-01,0.000000000000000000e+00
1.998000000000000000e+03,-2.605299247063905602e-02,0.000000000000000000e+00
1.999000000000000000e+03,-2.513763472320647632e-02,0.000000000000000000e+00
2.000000000000000000e+03,2.862195069920063853e-02,0.000000000000000000e+00
2.001000000000000000e+03,2.400029085998862943e-02,0.000000000000000000e+00
2.002000000000000000e+03,6.947368513156486347e-02,0.000000000000000000e+00
2.003000000000000000e+03,1.225331514729922078e-01,0.000000000000000000e+00
2.004000000000000000e+03,9.114505533102906787e-02,0.000000000000000000e+00
2.005000000000000000e+03,-9.833143488437533219e-02,0.000000000000000000e+00
2.006000000000000000e+03,2.656395922904549178e-01,0.000000000000000000e+00
2.007000000000000000e+03,-1.545885528887921689e-01,0.000000000000000000e+00
2.008000000000000000e+03,1.913623729848130950e-01,0.000000000000000000e+00
2.009000000000000000e+03,-8.912431766023236335e-03,0.000000000000000000e+00
2.010000000000000000e+03,1.006987420619053913e-01,0.000000000000000000e+00
2.011000000000000000e+03,8.241017017002176537e-02,0.000000000000000000e+00
2.012000000000000000e+03,3.449903539112283979e-02,0.000000000000000000e+00
2.013000000000000000e+03,1.956832947522694766e-01,0.000000000000000000e+00
2.014000000000000000e+03,2.888751564968216612e-01,0.000000000000000000e+00
2.015000000000000000e+03,3.768136836697442149e-01,0.000000000000000000e+00
2.016000000000000000e+03,5.340318454190213782e-01,0.000000000000000000e+00
2.017000000000000000e+03,3.688584208539438802e-01,0.000000000000000000e+00
2.018000000000000000e+03,4.052079841156576434e-02,0.000000000000000000e+00
2.019000000000000000e+03,-4.994846705929062436e-01,0.000000000000000000e+00
2.020000000000000000e+03,1.355026957624601291e-02,0.000000000000000000e+00
2.021000000000000000e+03,-4.839952831715025883e-01,0.000000000000000000e+00
2.022000000000000000e+03,1.225190619776723305e-01,0.000000000000000000e+00
2.023000000000000000e+03,7.864012437434210467e-02,0.000000000000000000e+00
2.024000000000000000e+03,6.001704857535724358e+00,0.000000000000000000e+00
2.025000000000000000e+03,-9.112905460934367374e-01,1.000000000000000000e+00
2.026000000000000000e+03,-2.269802433548564924e+00,0.000000000000000000e+00
2.027000000000000000e+03,-5.509973633934971415e-01,0.000000000000000000e+00
2.028000000000000000e+03,-1.063449109534913006e+00,0.000000000000000000e+00
2.029000000000000000e+03,-3.946057481906426467e-01,0.000000000000000000e+00
2.030000000000000000e+03,-6.505405514385482757e-01,0.000000000000000000e+00
2.031000000000000000e+03,-2.745592933449623740e-01,0.000000000000000000e+00
2.032000000000000000e+03,-5.915107750044970025e-01,0.000000000000000000e+00
2.033000000000000000e+03,-2.577583990769138356e-01,0.000000000000000000e+00
2.034000000000000000e+03,-2.510042464843605381e-01,0.000000000000000000e+00
2.035000000000000000e+03,-8.752655206763206019e-02,0.000000000000000000e+00
2.036000000000000000e+03,-7.890250738183790524e-02,0.000000000000000000e+00
2.037000000000000000e+03,1.721075902675747171e-01,0.000000000000000000e+00
2.038000000000000000e+03,1.309316351890094932e-01,0.000000000000000000e+00
2.039000000000000000e+03,2.701279789353315253e-01,0.000000000000000000e+00
2.040000000000000000e+03,2.193292574855017218e-01,0.000000000000000000e+00
2.041000000000000000e+03,7.730996844702013593e-02,0.000000000000000000e+00
2.042000000000000000e+03,1.907108171993392720e-01,0.000000000000000000e+00
2.043000000000000000e+03,-1.500253941855435591e-01,0.000000000000000000e+00
2.044000000000000000e+03,-3.707395859855898146e-01,0.000000000000000000e+00
2.045000000000000000e+03,-2.410374511117593654e-01,0.000000000000000000e+00
2.046000000000000000e+03,-1.838237968665857591e-01,0.000000000000000000e+00
2.047000000000000000e+03,-2.399614948370189516e-01,0.000000000000000000e+00
2.048000000000000000e+03,-2.174839163337473069e-01,0.000000000000000000e+00
2.049000000000000000e+03,-2.247353684035680588e-01,0.000000000000000000e+00
2.050000000000000000e+03,-2.225854775688858866e-01,0.000000000000000000e+00
2.051000000000000000e+03,-1.313369161869330226e-01,0.000000000000000000e+00
2.052000000000000000e+03,-6.213702273764291906e-02,0.000000000000000000e+00
2.053000000000000000e+03,-2.528331615752350131e-03,0.000000000000000000e+00
2.054000000000000000e+03,1.179298611112567785e-01,0.000000000000000000e+00
2.055000000000000000e+03,1.211054605487813657e-01,0.000000000000000000e+00
2.056000000000000000e+03,9.483320948720833088e-02,0.000000000000000000e+00
2.057000000000000000e+03,1.159891232323466276e-01,0.000000000000000000e+00
2.058000000000000000e+03,7.322208238640938449e-02,0.000000000000000000e+00
2.059000000000000000e+03,-1.836203463125745533e-02,0.000000000000000000e+00
2.060000000000000000e+03,1.687288396712201821e-01,0.000000000000000000e+00
2.061000000000000000e+03,1.842986217237791713e-01,0.000000000000000000e+00
2.062000000000000000e+03,1.298792926613048793e-01,0.000000000000000000e+00
2.063000000000000000e+03,3.822550872652850235e-02,0.000000000000000000e+00
2.064000000000000000e+03,1.646007469580733351e-01,0.000000000000000000e+00
2.065000000000000000e+03,9.980941691343676869e-02,0.000000000000000000e+00
2.066000000000000000e+03,4.076389719444544757e-01,0.000000000000000000e+00
2.067000000000000000e+03,6.805730347250849022e-02,0.000000000000000000e+00
2.068000000000000000e+03,6.396871935934628217e-01,0.000000000000000000e+00
2.069000000000000000e+03,4.547526614384997390e-01,0.000000000000000000e+00
2.070000000000000000e+03,3.886277767748388401e-01,0.000000000000000000e+00
2.071000000000000000e+03,-2.844420034825789756e-01,0.000000000000000000e+00
2.072000000000000000e+03,-1.975617015331892212e-01,0.000000000000000000e+00
2.073000000000000000e+03,-6.001421270155861132e-01,0.000000000000000000e+00
2.074000000000000000e+03,1.037422177117078154e-01,0.000000000000000000e+00
2.075000000000000000e+03,-5.831023392186212018e-01,0.000000000000000000e+00
2.076000000000000000e+03,2.763933020457730816e+00,0.000000000000000000e+00
2.077000000000000000e+03,4.964705020075115272e+00,0.000000000000000000e+00
2.078000000000000000e+03,-3.164500915443474671e+00,1.000000000000000000e+00
2.079000000000000000e+03,-8.591181423665091854e-01,0.000000000000000000e+00
2.080000000000000000e+03,-1.226581711582909184e+00,0.000000000000000000e+00
2.081000000000000000e+03,-5.072314152517154451e-01,0.000000000000000000e+00
2.082000000000000000e+03,-8.823000509528297064e-01,0.000000000000000000e+00
2.083000000000000000e+03,-3.635791268664333997e-01,0.000000000000000000e+00
2.084000000000000000e+03,-7.111164451010697496e-01,0.000000000000000000e+00
2.085000000000000000e+03,-3.190715330932171745e-01,0.000000000000000000e+00
2.086000000000000000e+03,-4.380521301645210475e-01,0.000000000000000000e+00
2.087000000000000000e+03,-1.545345383117774640e-01,0.000000000000000000e+00
2.088000000000000000e+03,-3.520229499952465257e-01,0.000000000000000000e+00
2.089000000000000000e+03,8.387114478042465016e-02,0.000000000000000000e+00
2.090000000000000000e+03,-6.441360488336138335e-02,0.000000000000000000e+00
2.091000000000000000e+03,7.200478645495927976e-02,0.000000000000000000e+00
2.092000000000000000e+03,2.525006561033012464e-01,0.000000000000000000e+00
2.093000000000000000e+03,2.221248120700015927e-01,0.000000000000000000e+00
2.094000000000000000e+03,1.369315433775601942e-01,0.000000000000000000e+00
2.095000000000000000e+03,6.002325778512641180e-02,0.000000000000000000e+00
2.096000000000000000e+03,-3.248411233229844264e-01,0.000000000000000000e+00
2.097000000000000000e+03,-3.028302931262038533e-01,0.000000000000000000e+00
2.098000000000000000e+03,-1.884015329948715567e-01,0.000000000000000000e+00
2.099000000000000000e+03,-1.796512047685711877e-01,0.000000000000000000e+00
2.100000000000000000e+03,-1.782033188425919401e-01,0.000000000000000000e+00
2.101000000000000000e+03,-1.756855242141696638e-01,0.000000000000000000e+00
2.102000000000000000e+03,-2.507200481393578317e-01,0.000000000000000000e+00
2.103000000000000000e+03,-4.274440545467190523e-03,0.000000000000000000e+00
2.104000000000000000e+03,-4.682088975343423609e-02,0.000000000000000000e+00
2.105000000000000000e+03,-2.286179714187773146e-02,0.000000000000000000e+00
2.106000000000000000e+03,2.217939381747974573e-02,0.000000000000000000e+00
2.107000000000000000e+03,1.416251393698744476e-01,0.000000000000000000e+00
2.108000000000000000e+03,-3.859365364199981996e-02,0.000000000000000000e+00
2.109000000000000000e+03,2.268199317532616499e-01,0.000000000000000000e+00
2.110000000000000000e+03,7.436875966033236474e-02,0.000000000000000000e+00
2.111000000000000000e+03,2.095610780816482832e-01,0.000000000000000000e+00
2.112000000000000000e+03,5.871279009942089594e-02,0.000000000000000000e+00
2.113000000000000000e+03,2.494101699481574841e-01,0.000000000000000000e+00
2.114000000000000000e+03,1.073121840490028206e-01,0.000000000000000000e+00
2.115000000000000000e+03,2.083653306095775148e-01,0.000000000000000000e+00
2.116000000000000000e+03,9.818896271275473486e-02,0.000000000000000000e+00
2.117000000000000000e+03,2.241750434271252146e-01,0.000000000000000000e+00
2.118000000000000000e+03,9.013348697495601747e-02,0.000000000000000000e+00
2.119000000000000000e+03,4.474274640993268770e-01,0.000000000000000000e+00
2.120000000000000000e+03,3.214123595351793261e-01,0.000000000000000000e+00
2.121000000000000000e+03,6.893060452157718787e-01,0.000000000000000000e+00
2.122000000000000000e+03,6.202034551792670047e-01,0.000000000000000000e+00
2.123000000000000000e+03,5.358793708496356611e-01,0.000000000000000000e+00
2.124000000000000000e+03,-4.089211162864522242e-01,0.000000000000000000e+00
2.125000000000000000e+03,4.126062197418000482e-02,0.000000000000000000e+00
2.126000000000000000e+03,-5.303042994436039104e-01,0.000000000000000000e+00
2.127000000000000000e+03,1.279544310616064773e-01,0.000000000000000000e+00
2.128000000000000000e+03,-4.551994181918441740e-01,0.000000000000000000e+00
2.129000000000000000e+03,2.505993538449449609e+00,0.000000000000000000e+00
2.130000000000000000e+03,5.038064014882330355e+00,0.000000000000000000e+00
2.131000000000000000e+03,-3.263040168932122675e+00,1.000000000000000000e+00
2.132000000000000000e+03,-8.228789755038082854e-01,0.000000000000000000e+00
2.133000000000000000e+03,-1.225843301718589684e+00,0.000000000000000000e+00
2.134000000000000000e+03,-5.462762993681297141e-01,0.000000000000000000e+00
2.135000000000000000e+03,-7.496373010987001928e-01,0.000000000000000000e+00
2.136000000000000000e+03,-4.035260289909283205e-01,0.000000000000000000e+00
2.137000000000000000e+03,-3.978635695489928237e-01,0.000000000000000000e+00
2.138000000000000000e+03,-3.879830553964325746e-01,0.000000000000000000e+00
2.139000000000000000e+03,-4.414968749318742280e-01,0.000000000000000000e+00
2.140000000000000000e+03,-2.027680542979015399e-01,0.000000000000000000e+00
2.141000000000000000e+03,-1.811544623037234791e-01,0.000000000000000000e+00
2.142000000000000000e+03,9.355139636698550643e-02,0.000000000000000000e+00
2.143000000000000000e+03,-3.257482906731862943e-02,0.000000000000000000e+00
2.144000000000000000e+03,2.399619016180404019e-01,0.000000000000000000e+00
2.145000000000000000e+03,8.789673426326707895e-02,0.000000000000000000e+00
2.146000000000000000e+03,3.899349671167713915e-01,0.000000000000000000e+00
2.147000000000000000e+03,-5.749139533752981729e-02,0.000000000000000000e+00
2.148000000000000000e+03,-2.149370116823514643e-01,0.000000000000000000e+00
2.149000000000000000e+03,-2.928324843226239316e-01,0.000000000000000000e+00
2.150000000000000000e+03,-2.564717920874143853e-01,0.000000000000000000e+00
2.151000000000000000e+03,-4.081621869661511970e-01,0.000000000000000000e+00
2.152000000000000000e+03,-4.011379625656640302e-01,0.000000000000000000e+00
2.153000000000000000e+03,-4.332435523140126810e-01,0.000000000000000000e+00
2.154000000000000000e+03,-1.322481660067524045e-01,0.000000000000000000e+00
2.155000000000000000e+03,-4.997242980119014910e-01,0.000000000000000000e+00
2.156000000000000000e+03,-6.797858784686749978e-02,0.000000000000000000e+00
2.157000000000000000e+03,-3.361575374099846636e-01,0.000000000000000000e+00
2.158000000000000000e+03,-1.323675961160912795e-01,0.000000000000000000e+00
2.159000000000000000e+03,-1.756095644521439014e-01,0.000000000000000000e+00
2.160000000000000000e+03,3.202818555263973327e-02,0.000000000000000000e+00
2.161000000000000000e+03,-5.302561003341235701e-02,0.000000000000000000e+00
2.162000000000000000e+03,8.340369033910020879e-02,0.000000000000000000e+00
2.163000000000000000e+03,-4.785908116303650567e-02,0.000000000000000000e+00
2.164000000000000000e+03,2.032098062593593879e-01,0.000000000000000000e+00
2.165000000000000000e+03,1.499891635363005855e-02,0.000000000000000000e+00
2.166000000000000000e+03,1.750266484990364579e-01,0.000000000000000000e+00
2.167000000000000000e+03,1.492700789078023615e-01,0.000000000000000000e+00
2.168000000000000000e+03,2.136331572287121783e-01,0.000000000000000000e+00
2.169000000000000000e+03,1.535528766097822399e-02,0.000000000000000000e+00
2.170000000000000000e+03,3.881788365491481985e-01,0.000000000000000000e+00
2.171000000000000000e+03,3.497905124700450008e-01,0.000000000000000000e+00
2.172000000000000000e+03,6.431468118785633736e-01,0.000000000000000000e+00
2.173000000000000000e+03,5.062342088732915135e-01,0.000000000000000000e+00
2.174000000000000000e+03,5.230309012244863665e-01,0.000000000000000000e+00
2.175000000000000000e+03,-3.921154179263199868e-01,0.000000000000000000e+00
2.176000000000000000e+03,1.249072601401875204e-01,0.000000000000000000e+00
2.177000000000000000e+03,-5.253273710618244774e-01,0.000000000000000000e+00
2.178000000000000000e+03,2.615607418143312546e-01,0.000000000000000000e+00
2.179000000000000000e+03,-5.654088846787713729e-01,0.000000000000000000e+00
2.180000000000000000e+03,2.564324894193043214e+00,0.000000000000000000e+00
2.181000000000000000e+03,4.782686059228775655e+00,0.000000000000000000e+00
2.182000000000000000e+03,-3.431840600732459556e+00,1.000000000000000000e+00
2.183000000000000000e+03,-1.005332953409336039e+00,0.000000000000000000e+00
2.184000000000000000e+03,-9.765022763407547046e-01,0.000000000000000000e+00
2.185000000000000000e+03,-5.221697311603259450e-01,0.000000000000000000e+00
2.186000000000000000e+03,-5.160838748366738393e-01,0.000000000000000000e+00
2.187000000000000000e+03,-2.158254527046573334e-01,0.000000000000000000e+00
2.188000000000000000e+03,-3.913218652750132809e-01,0.000000000000000000e+00
2.189000000000000000e+03,-4.642818731901116741e-02,0.000000000000000000e+00
2.190000000000000000e+03,-1.355024344872295672e-01,0.000000000000000000e+00
2.191000000000000000e+03,-1.872922097086938131e-01,0.000000000000000000e+00
2.192000000000000000e+03,-3.374497927353793669e-02,0.000000000000000000e+00
2.193000000000000000e+03,2.063113999788123432e-01,0.000000000000000000e+00
2.194000000000000000e+03,8.999660883490941468e-03,0.000000000000000000e+00
2.195000000000000000e+03,3.279999981276691678e-01,0.000000000000000000e+00
2.196000000000000000e+03,3.015631475517986937e-01,0.000000000000000000e+00
2.197000000000000000e+03,3.463277518303840008e-01,0.000000000000000000e+00
2.198000000000000000e+03,1.443564449567203700e-01,0.000000000000000000e+00
2.199000000000000000e+03,-1.160751834989017378e-01,0.000000000000000000e+00
2.200000000000000000e+03,-1.548672829080510738e-01,0.000000000000000000e+00
2.201000000000000000e+03,-2.184232180038405413e-01,0.000000000000000000e+00
2.202000000000000000e+03,-3.809828992583624285e-01,0.000000000000000000e+00
2.203000000000000000e+03,-1.836236354011413496e-01,0.000000000000000000e+00
2.204000000000000000e+03,-2.441519817726951203e-01,0.000000000000000000e+00
2.205000000000000000e+03,-1.277118514976548214e-01,0.000000000000000000e+00
2.206000000000000000e+03,-5.611908377973647000e-02,0.000000000000000000e+00
2.207000000000000000e+03,-1.709111536884184157e-01,0.000000000000000000e+00
2.208000000000000000e+03,1.360321123750420080e-02,0.000000000000000000e+00
2.209000000000000000e+03,-5.538124999695365897e-02,0.000000000000000000e+00
2.210000000000000000e+03,7.760068250807980461e-02,0.000000000000000000e+00
2.211000000000000000e+03,-1.679394366757405166e-01,0.000000000000000000e+00
2.212000000000000000e+03,1.391904510967136022e-01,0.000000000000000000e+00
2.213000000000000000e+03,-5.710438570103912315e-02,0.000000000000000000e+00
2.214000000000000000e+03,-2.340792947287932343e-02,0.000000000000000000e+00
2.215000000000000000e+03,5.605605596615447633e-02,0.000000000000000000e+00
2.216000000000000000e+03,-1.536137292022666211e-02,0.000000000000000000e+00
2.217000000000000000e+03,3.322613631648859561e-02,0.000000000000000000e+00
2.218000000000000000e+03,3.079537666817407787e-02,0.000000000000000000e+00
2.219000000000000000e+03,3.217549897838710149e-01,0.000000000000000000e+00
2.220000000000000000e+03,1.599077713193453876e-01,0.000000000000000000e+00
2.221000000000000000e+03,5.202566378958312088e-01,0.000000000000000000e+00
2.222000000000000000e+03,5.116845212263902987e-01,0.000000000000000000e+00
2.223000000000000000e+03,2.610355517000958470e-01,0.000000000000000000e+00
2.224000000000000000e+03,-2.835562223171543828e-01,0.000000000000000000e+00
2.225000000000000000e+03,-2.971221900920744674e-01,0.000000000000000000e+00
2.226000000000000000e+03,-2.534357891491932913e-01,0.000000000000000000e+00
2.227000000000000000e+03,-1.056963390915819367e-01,0.000000000000000000e+00
2.228000000000000000e+03,-3.354803604042158605e-01,0.000000000000000000e+00
2.229000000000000000e+03,1.626183602489486679e+00,0.000000000000000000e+00
2.230000000000000000e+03,5.554596675309390719e+00,0.000000000000000000e+00
2.231000000000000000e+03,-2.937085746193502711e+00,1.000000000000000000e+00
2.232000000000000000e+03,-1.244695032452221239e+00,0.000000000000000000e+00
2.233000000000000000e+03,-8.316424698354744072e-01,0.000000000000000000e+00
2.234000000000000000e+03,-5.640961480590171995e-01,0.000000000000000000e+00
2.235000000000000000e+03,-4.560470530644300524e-01,0.000000000000000000e+00
2.236000000000000000e+03,-4.424537213151808479e-01,0.000000000000000000e+00
2.237000000000000000e+03,-4.117101033285495149e-01,0.000000000000000000e+00
2.238000000000000000e+03,-2.118209224397773205e-01,0.000000000000000000e+00
2.239000000000000000e+03,-2.488278430736867441e-01,0.000000000000000000e+00
2.240000000000000000e+03,-2.858095633113211242e-02,0.000000000000000000e+00
2.241000000000000000e+03,-1.488273388035595002e-01,0.000000000000000000e+00
2.242000000000000000e+03,6.296054593369820873e-02,0.000000000000000000e+00
2.243000000000000000e+03,1.580510341125630214e-01,0.000000000000000000e+00
2.244000000000000000e+03,1.597796316303510267e-01,0.000000000000000000e+00
2.245000000000000000e+03,3.695920152623658472e-01,0.000000000000000000e+00
2.246000000000000000e+03,3.423369706597205742e-01,0.000000000000000000e+00
2.247000000000000000e+03,4.273193188399679321e-02,0.000000000000000000e+00
2.248000000000000000e+03,1.097664742254436804e-01,0.000000000000000000e+00
2.249000000000000000e+03,-4.015540110453630906e-01,0.000000000000000000e+00
2.250000000000000000e+03,-1.434158159403811639e-01,0.000000000000000000e+00
2.251000000000000000e+03,-3.708640319940672558e-01,0.000000000000000000e+00
2.252000000000000000e+03,-3.090846422145633321e-01,0.000000000000000000e+00
2.253000000000000000e+03,-1.812132573511057998e-01,0.000000000000000000e+00
2.254000000000000000e+03,-2.134059347979889165e-01,0.000000000000000000e+00
2.255000000000000000e+03,-3.704661267855191009e-01,0.000000000000000000e+00
2.256000000000000000e+03,-1.289414805611786008e-01,0.000000000000000000e+00
2.257000000000000000e+03,-1.229241887180148318e-01,0.000000000000000000e+00
2.258000000000000000e+03,5.094009091247336113e-03,0.000000000000000000e+00
2.259000000000000000e+03,5.773280070394878200e-02,0.000000000000000000e+00
2.260000000000000000e+03,2.052814490397913416e-01,0.000000000000000000e+00
2.261000000000000000e+03,-3.515720450156167159e-02,0.000000000000000000e+00
2.262000000000000000e+03,2.962276094240220425e-01,0.000000000000000000e+00
2.263000000000000000e+03,-1.327264285785919873e-01,0.000000000000000000e+00
2.264000000000000000e+03,1.920000329793527527e-01,0.000000000000000000e+00
2.265000000000000000e+03,1.451943120881870053e-01,0.000000000000000000e+00
2.266000000000000000e+03,1.950572460713111411e-01,0.000000000000000000e+00
2.267000000000000000e+03,6.330879502571910844e-02,0.000000000000000000e+00
2.268000000000000000e+03,1.448773688272402271e-01,0.000000000000000000e+00
2.269000000000000000e+03,1.165798661982697104e-01,0.000000000000000000e+00
2.270000000000000000e+03,4.147376742588410603e-01,0.000000000000000000e+00
2.271000000000000000e+03,3.474867275503881747e-01,0.000000000000000000e+00
2.272000000000000000e+03,6.861143705639294321e-01,0.000000000000000000e+00
2.273000000000000000e+03,3.751989928073514724e-01,0.000000000000000000e+00
2.274000000000000000e+03,7.074621051442850916e-01,0.000000000000000000e+00
2.275000000000000000e+03,-5.349676195574627480e-01,0.000000000000000000e+00
2.276000000000000000e+03,3.740437420580949857e-02,0.000000000000000000e+00
2.277000000000000000e+03,-5.174701770521757949e-01,0.000000000000000000e+00
2.278000000000000000e+03,4.091997723950480115e-01,0.000000000000000000e+00
2.279000000000000000e+03,-8.360358515264474377e-01,0.000000000000000000e+00
2.280000000000000000e+03,3.639416450000545478e+00,0.000000000000000000e+00
2.281000000000000000e+03,4.171530308077540994e+00,0.000000000000000000e+00
2.282000000000000000e+03,-3.511397405133785732e+00,1.000000000000000000e+00
2.283000000000000000e+03,-4.728536071640013771e-01,0.000000000000000000e+00
2.284000000000000000e+03,-1.373616987524538313e+00,0.000000000000000000e+00
2.285000000000000000e+03,-4.769783281698431465e-01,0.000000000000000000e+00
2.286000000000000000e+03,-8.118469355705733026e-01,0.000000000000000000e+00
2.287000000000000000e+03,-4.078055194121615323e-01,0.000000000000000000e+00
2.288000000000000000e+03,-5.792393194868301620e-01,0.000000000000000000e+00
2.289000000000000000e+03,-1.349905558741374967e-01,0.000000000000000000e+00
2.290000000000000000e+03,-5.123285497199067118e-01,0.000000000000000000e+00
2.291000000000000000e+03,3.447564950845253412e-02,0.000000000000000000e+00
2.292000000000000000e+03,-2.686579783085240036e-01,0.000000000000000000e+00
2.293000000000000000e+03,1.528769041683856744e-01,0.000000000000000000e+00
2.294000000000000000e+03,-1.051689804071929829e-01,0.000000000000000000e+00
2.295000000000000000e+03,2.428228365683506862e-01,0.000000000000000000e+00
2.296000000000000000e+03,2.315057095398613818e-01,0.000000000000000000e+00
2.297000000000000000e+03,2.250230906265764108e-01,0.000000000000000000e+00
2.298000000000000000e+03,1.183181940613585864e-01,0.000000000000000000e+00
2.299000000000000000e+03,-1.738259252540267641e-01,0.000000000000000000e+00
2.300000000000000000e+03,-3.486369467064855399e-01,0.000000000000000000e+00
2.301000000000000000e+03,-2.417510729949050030e-01,0.000000000000000000e+00
2.302000000000000000e+03,-4.447604803928283390e-01,0.000000000000000000e+00
2.303000000000000000e+03,-1.354072566127105803e-01,0.000000000000000000e+00
2.304000000000000000e+03,-3.873698509400397283e-01,0.000000000000000000e+00
2.305000000000000000e+03,-2.187746002812258617e-01,0.000000000000000000e+00
2.306000000000000000e+03,-2.850191588843103419e-01,0.000000000000000000e+00
2.307000000000000000e+03,-1.169053225152903441e-01,0.000000000000000000e+00
2.308000000000000000e+03,-1.497638184627241020e-01,0.000000000000000000e+00
2.309000000000000000e+03,-2.411170705835556372e-01,0.000000000000000000e+00
2.310000000000000000e+03,2.098213447258188979e-02,0.000000000000000000e+00
2.311000000000000000e+03,1.150188014595843883e-01,0.000000000000000000e+00
2.312000000000000000e+03,1.019097558509619470e-03,0.000000000000000000e+00
2.313000000000000000e+03,-3.534269616153103838e-02,0.000000000000000000e+00
2.314000000000000000e+03,7.630059058677357564e-02,0.000000000000000000e+00
2.315000000000000000e+03,4.087796648833095375e-02,0.000000000000000000e+00
2.316000000000000000e+03,1.602583387820689237e-02,0.000000000000000000e+00
2.317000000000000000e+03,-6.576123532045599629e-02,0.000000000000000000e+00
2.318000000000000000e+03,1.479727259476224244e-01,0.000000000000000000e+00
2.319000000000000000e+03,-8.489305341618699763e-02,0.000000000000000000e+00
2.320000000000000000e+03,2.279385258636243416e-01,0.000000000000000000e+00
2.321000000000000000e+03,7.558711658249497867e-02,0.000000000000000000e+00
2.322000000000000000e+03,3.556197415227738690e-01,0.000000000000000000e+00
2.323000000000000000e+03,3.451128218002642023e-01,0.000000000000000000e+00
2.324000000000000000e+03,5.357940143058400606e-01,0.000000000000000000e+00
2.325000000000000000e+03,4.207110246698910760e-01,0.000000000000000000e+00
2.326000000000000000e+03,4.902884631451506214e-01,0.000000000000000000e+00
2.327000000000000000e+03,-4.671847577063152901e-01,0.000000000000000000e+00
2.328000000000000000e+03,8.906749994179893881e-02,0.000000000000000000e+00
2.329000000000000000e+03,-5.759220501669375381e-01,0.000000000000000000e+00
2.330000000000000000e+03,4.069612896523688850e-01,0.000000000000000000e+00
2.331000000000000000e+03,-7.255458788827030547e-01,0.000000000000000000e+00
2.332000000000000000e+03,4.974706195662473185e+00,0.000000000000000000e+00
2.333000000000000000e+03,2.571599322305347712e+00,1.000000000000000000e+00
2.334000000000000000e+03,-3.389764082703802472e+00,0.000000000000000000e+00
2.335000000000000000e+03,-2.814108196200622025e-01,0.000000000000000000e+00
2.336000000000000000e+03,-1.477241264006077248e+00,0.000000000000000000e+00
2.337000000000000000e+03,-2.004477099077034696e-01,0.000000000000000000e+00
2.338000000000000000e+03,-7.692501911160442019e-01,0.000000000000000000e+00
2.339000000000000000e+03,-2.175600508405980404e-01,0.000000000000000000e+00
2.340000000000000000e+03,-5.463558712745264501e-01,0.000000000000000000e+00
2.341000000000000000e+03,-1.507592245414388910e-01,0.000000000000000000e+00
2.342000000000000000e+03,-4.779986317918980543e-01,0.000000000000000000e+00
2.343000000000000000e+03,5.694318721989338750e-02,0.000000000000000000e+00
2.344000000000000000e+03,-1.431533615167497053e-01,0.000000000000000000e+00
2.345000000000000000e+03,1.865607179300727836e-01,0.000000000000000000e+00
2.346000000000000000e+03,5.605301096508374242e-02,0.000000000000000000e+00
2.347000000000000000e+03,2.177127790278012287e-01,0.000000000000000000e+00
2.348000000000000000e+03,3.248129817575757805e-01,0.000000000000000000e+00
2.349000000000000000e+03,2.356023954481437366e-01,0.000000000000000000e+00
2.350000000000000000e+03,-2.414212040722468061e-02,0.000000000000000000e+00
2.351000000000000000e+03,1.408727849494277318e-01,0.000000000000000000e+00
2.352000000000000000e+03,-3.829713220050237066e-01,0.000000000000000000e+00
2.353000000000000000e+03,-1.379055115947521448e-01,0.000000000000000000e+00
2.354000000000000000e+03,-3.459413699529742536e-01,0.000000000000000000e+00
2.355000000000000000e+03,-1.797627246291081948e-01,0.000000000000000000e+00
2.356000000000000000e+03,-3.738100573506436541e-01,0.000000000000000000e+00
2.357000000000000000e+03,-1.008791358169259522e-01,0.000000000000000000e+00
2.358000000000000000e+03,-4.641459534694072353e-01,0.000000000000000000e+00
2.359000000000000000e+03,-9.938705109980497387e-02,0.000000000000000000e+00
2.360000000000000000e+03,-1.103087476198302830e-01,0.000000000000000000e+00
2.361000000000000000e+03,-2.473495163132604160e-02,0.000000000000000000e+00
2.362000000000000000e+03,-1.467456240198390834e-02,0.000000000000000000e+00
2.363000000000000000e+03,1.081183304718557059e-01,0.000000000000000000e+00
2.364000000000000000e+03,-6.254830514953214904e-02,0.000000000000000000e+00
2.365000000000000000e+03,5.257864978714969079e-02,0.000000000000000000e+00
2.366000000000000000e+03,8.592527483327180859e-02,0.000000000000000000e+00
2.367000000000000000e+03,5.809257997334665857e-02,0.000000000000000000e+00
2.368000000000000000e+03,8.009720286254526367e-02,0.000000000000000000e+00
2.369000000000000000e+03,2.685952745371226677e-02,0.000000000000000000e+00
2.370000000000000000e+03,5.808413080709843440e-02,0.000000000000000000e+00
2.371000000000000000e+03,5.612026559354844207e-02,0.000000000000000000e+00
2.372000000000000000e+03,3.868914631219912970e-01,0.000000000000000000e+00
2.373000000000000000e+03,3.209993637492041807e-01,0.000000000000000000e+00
2.374000000000000000e+03,5.965227781571971200e-01,0.000000000000000000e+00
2.375000000000000000e+03,4.956267159612971485e-01,0.000000000000000000e+00
2.376000000000000000e+03,5.710341808491172788e-01,0.000000000000000000e+00
2.377000000000000000e+03,-5.124061138492228551e-01,0.000000000000000000e+00
2.378000000000000000e+03,-1.669643595426029484e-02,0.000000000000000000e+00
2.379000000000000000e+03,-3.115818731292817612e-01,0.000000000000000000e+00
2.380000000000000000e+03,1.718930210118004287e-01,0.000000000000000000e+00
2.381000000000000000e+03,-5.945902236156141996e-01,0.000000000000000000e+00
2.382000000000000000e+03,3.249767860153832011e+00,0.000000000000000000e+00
2.383000000000000000e+03,4.269364007455203947e+00,0.000000000000000000e+00
2.384000000000000000e+03,-3.602442578303729270e+00,1.000000000000000000e+00
2.385000000000000000e+03,-4.935076748910450783e-01,0.000000000000000000e+00
2.386000000000000000e+03,-1.200224416750986345e+00,0.000000000000000000e+00
2.387000000000000000e+03,-3.738009513452502652e-01,0.000000000000000000e+00
2.388000000000000000e+03,-9.178532382854781568e-01,0.000000000000000000e+00
2.389000000000000000e+03,-7.287517415654806707e-02,0.000000000000000000e+00
2.390000000000000000e+03,-5.824176401950635906e-01,0.000000000000000000e+00
2.391000000000000000e+03,2.774566910997961627e-02,0.000000000000000000e+00
2.392000000000000000e+03,-2.872366530845456567e-01,0.000000000000000000e+00
2.393000000000000000e+03,6.393663538848232131e-02,0.000000000000000000e+00
2.394000000000000000e+03,-2.328980048985164475e-01,0.000000000000000000e+00
2.395000000000000000e+03,3.407242809448969845e-01,0.000000000000000000e+00
2.396000000000000000e+03,-1.180348059084696671e-01,0.000000000000000000e+00
2.397000000000000000e+03,3.281352898464268697e-01,0.000000000000000000e+00
2.398000000000000000e+03,9.243536961353977788e-02,0.000000000000000000e+00
2.399000000000000000e+03,3.628716573429436876e-01,0.000000000000000000e+00
2.400000000000000000e+03,-9.644078885386617173e-02,0.000000000000000000e+00
2.401000000000000000e+03,5.842923038887311293e-02,0.000000000000000000e+00
2.402000000000000000e+03,-4.523604068013550861e-01,0.000000000000000000e+00
2.403000000000000000e+03,-1.736907532568714718e-01,0.000000000000000000e+00
2.404000000000000000e+03,-6.226739848415289158e-01,0.000000000000000000e+00
2.405000000000000000e+03,-1.792606123104852900e-01,0.000000000000000000e+00
2.406000000000000000e+03,-4.205396795609788185e-01,0.000000000000000000e+00
2.407000000000000000e+03,-2.990180419778378229e-01,0.000000000000000000e+00
2.408000000000000000e+03,-4.418835699875239831e-01,0.000000000000000000e+00
2.409000000000000000e+03,-7.807534069702343205e-02,0.000000000000000000e+00
2.410000000000000000e+03,-2.511330079023785800e-01,0.000000000000000000e+00
2.411000000000000000e+03,1.126529778453431996e-01,0.000000000000000000e+00
2.412000000000000000e+03,-1.474947713810167427e-01,0.000000000000000000e+00
2.413000000000000000e+03,2.901832718523881041e-02,0.000000000000000000e+00
2.414000000000000000e+03,-1.788943063592411398e-01,0.000000000000000000e+00
2.415000000000000000e+03,2.233249239633428862e-01,0.000000000000000000e+00
2.416000000000000000e+03,-2.484246781576676111e-01,0.000000000000000000e+00
2.417000000000000000e+03,6.685529738520651355e-02,0.000000000000000000e+00
2.418000000000000000e+03,4.523228329421691979e-02,0.000000000000000000e+00
2.419000000000000000e+03,2.797018833769183699e-01,0.000000000000000000e+00
2.420000000000000000e+03,-1.298394321629059156e-01,0.000000000000000000e+00
2.421000000000000000e+03,5.632678490767867308e-01,0.000000000000000000e+00
2.422000000000000000e+03,1.248838021117852359e-01,0.000000000000000000e+00
2.423000000000000000e+03,6.457339745671649700e-01,0.000000000000000000e+00
2.424000000000000000e+03,2.738225157355508865e-01,0.000000000000000000e+00
2.425000000000000000e+03,3.791815133561397544e-01,0.000000000000000000e+00
2.426000000000000000e+03,-6.615683725304840612e-01,0.000000000000000000e+00
2.427000000000000000e+03,1.024242739828136461e-01,0.000000000000000000e+00
2.428000000000000000e+03,-7.360190798404036006e-01,0.000000000000000000e+00
2.429000000000000000e+03,4.825177332704773114e-01,0.000000000000000000e+00
2.430000000000000000e+03,-8.598826715821413780e-01,0.000000000000000000e+00
2.431000000000000000e+03,5.258283151104638620e+00,0.000000000000000000e+00
2.432000000000000000e+03,1.534524535712926907e+00,1.000000000000000000e+00
2.433000000000000000e+03,-3.326295927935509322e+00,0.000000000000000000e+00
2.434000000000000000e+03,-2.983465020704920145e-01,0.000000000000000000e+00
2.435000000000000000e+03,-1.161762507056378402e+00,0.000000000000000000e+00
2.436000000000000000e+03,-3.284472119412431002e-01,0.000000000000000000e+00
2.437000000000000000e+03,-6.099604176624420226e-01,0.000000000000000000e+00
2.438000000000000000e+03,-1.304262005271129010e-01,0.000000000000000000e+00
2.439000000000000000e+03,-3.370533410723761114e-01,0.000000000000000000e+00
2.440000000000000000e+03,4.940260009434035288e-02,0.000000000000000000e+00
2.441000000000000000e+03,-2.382114320300749710e-01,0.000000000000000000e+00
2.442000000000000000e+03,9.740212189406775856e-02,0.000000000000000000e+00
2.443000000000000000e+03,-5.295697468671122649e-02,0.000000000000000000e+00
2.444000000000000000e+03,3.223508674024092580e-01,0.000000000000000000e+00
2.445000000000000000e+03,1.906473154685019156e-01,0.000000000000000000e+00
2.446000000000000000e+03,4.002556451799256232e-01,0.000000000000000000e+00
2.447000000000000000e+03,4.419258069000620570e-01,0.000000000000000000e+00
2.448000000000000000e+03,3.050126993008347442e-01,0.000000000000000000e+00
2.449000000000000000e+03,8.630576929405489595e-02,0.000000000000000000e+00
2.450000000000000000e+03,1.961282186929201241e-02,0.000000000000000000e+00
2.451000000000000000e+03,-1.930257122192056973e-01,0.000000000000000000e+00
2.452000000000000000e+03,-7.376170833824580164e-02,0.000000000000000000e+00
2.453000000000000000e+03,-2.460930800662641527e-01,0.000000000000000000e+00
2.454000000000000000e+03,-1.111583807000385976e-01,0.000000000000000000e+00
2.455000000000000000e+03,-1.396437686501521280e-01,0.000000000000000000e+00
2.456000000000000000e+03,-7.718714359213711684e-02,0.000000000000000000e+00
2.457000000000000000e+03,-2.357212152581716902e-01,0.000000000000000000e+00
2.458000000000000000e+03,7.023359695283279414e-02,0.000000000000000000e+00
2.459000000000000000e+03,-1.562551472074502276e-02,0.000000000000000000e+00
2.460000000000000000e+03,1.288142906912781993e-01,0.000000000000000000e+00
2.461000000000000000e+03,-3.567523482736778551e-02,0.000000000000000000e+00
2.462000000000000000e+03,2.488354422961179258e-01,0.000000000000000000e+00
2.463000000000000000e+03,-1.176834526240011503e-01,0.000000000000000000e+00
2.464000000000000000e+03,6.264170034568808387e-02,0.000000000000000000e+00
2.465000000000000000e+03,-6.659389249986359671e-02,0.000000000000000000e+00
2.466000000000000000e+03,2.036210964374674526e-01,0.000000000000000000e+00
2.467000000000000000e+03,-3.685422069331126954e-02,0.000000000000000000e+00
2.468000000000000000e+03,2.274281524520310738e-01,0.000000000000000000e+00
2.469000000000000000e+03,-2.192372686154473935e-02,0.000000000000000000e+00
2.470000000000000000e+03,1.740146663463958965e-01,0.000000000000000000e+00
2.471000000000000000e+03,4.650697540246952894e-02,0.000000000000000000e+00
2.472000000000000000e+03,3.727956566082288314e-01,0.000000000000000000e+00
2.473000000000000000e+03,5.848066862448249997e-02,0.000000000000000000e+00
2.474000000000000000e+03,6.689798623129453725e-01,0.000000000000000000e+00
2.475000000000000000e+03,3.609376576809217307e-01,0.000000000000000000e+00
2.476000000000000000e+03,4.769028016905879630e-01,0.000000000000000000e+00
2.477000000000000000e+03,-6.187036626830767494e-01,0.000000000000000000e+00
2.478000000000000000e+03,4.036038680926360561e-02,0.000000000000000000e+00
2.479000000000000000e+03,-8.180127366093350449e-01,0.000000000000000000e+00
2.480000000000000000e+03,4.490972320399926332e-01,0.000000000000000000e+00
2.481000000000000000e+03,-8.969300867447725922e-01,0.000000000000000000e+00
2.482000000000000000e+03,4.412623839656357738e+00,0.000000000000000000e+00
2.483000000000000000e+03,3.161575809680849947e+00,1.000000000000000000e+00
2.484000000000000000e+03,-3.332669558384659059e+00,0.000000000000000000e+00
2.485000000000000000e+03,-4.045614605276250941e-01,0.000000000000000000e+00
2.486000000000000000e+03,-1.521677620975413481e+00,0.000000000000000000e+00
2.487000000000000000e+03,-3.150309414453340562e-01,0.000000000000000000e+00
2.488000000000000000e+03,-9.501453425996814195e-01,0.000000000000000000e+00
2.489000000000000000e+03,-6.430407504912792616e-02,0.000000000000000000e+00
2.490000000000000000e+03,-6.918200202070007299e-01,0.000000000000000000e+00
2.491000000000000000e+03,-5.440596913957450320e-02,0.000000000000000000e+00
2.492000000000000000e+03,-4.493666123243497679e-01,0.000000000000000000e+00
2.493000000000000000e+03,-2.302677446420760624e-02,0.000000000000000000e+00
2.494000000000000000e+03,-2.046911381499728622e-01,0.000000000000000000e+00
2.495000000000000000e+03,-3.730926256077335412e-02,0.000000000000000000e+00
2.496000000000000000e+03,5.138146314248981383e-02,0.000000000000000000e+00
2.497000000000000000e+03,3.271169101578133009e-01,0.000000000000000000e+00
2.498000000000000000e+03,2.038501765216966799e-01,0.000000000000000000e+00
2.499000000000000000e+03,4.910283493058175686e-01,0.000000000000000000e+00
2.500000000000000000e+03,-7.089220824329459103e-03,0.000000000000000000e+00
2.501000000000000000e+03,5.165788558704630801e-02,0.000000000000000000e+00
2.502000000000000000e+03,-5.183121109146059391e-01,0.000000000000000000e+00
2.503000000000000000e+03,-2.390390851280179974e-01,0.000000000000000000e+00
2.504000000000000000e+03,-4.453480914072562857e-01,0.000000000000000000e+00
2.505000000000000000e+03,-1.621827292457993230e-01,0.000000000000000000e+00
2.506000000000000000e+03,-4.310332101705752761e-01,0.000000000000000000e+00
2.507000000000000000e+03,-1.485492589255439644e-01,0.000000000000000000e+00
2.508000000000000000e+03,-4.920687707082088691e-01,0.000000000000000000e+00
2.509000000000000000e+03,-1.985540507784644970e-01,0.000000000000000000e+00
2.510000000000000000e+03,-3.369289451744845731e-01,0.000000000000000000e+00
2.511000000000000000e+03,-1.299741213668706256e-02,0.000000000000000000e+00
2.512000000000000000e+03,-2.261954703349700890e-01,0.000000000000000000e+00
2.513000000000000000e+03,1.591016672554905198e-01,0.000000000000000000e+00
2.514000000000000000e+03,-7.343648639543796930e-02,0.000000000000000000e+00
2.515000000000000000e+03,8.118043376881689532e-02,0.000000000000000000e+00
2.516000000000000000e+03,-2.807831787215238073e-01,0.000000000000000000e+00
2.517000000000000000e+03,1.923097318653342047e-01,0.000000000000000000e+00
2.518000000000000000e+03,-1.794155978614893066e-01,0.000000000000000000e+00
2.519000000000000000e+03,6.899664334547062072e-02,0.000000000000000000e+00
2.520000000000000000e+03,-7.340885986796942542e-02,0.000000000000000000e+00
2.521000000000000000e+03,2.618286265959562931e-01,0.000000000000000000e+00
2.522000000000000000e+03,-1.731343508219049948e-02,0.000000000000000000e+00
2.523000000000000000e+03,1.784128256865431528e-01,0.000000000000000000e+00
2.524000000000000000e+03,2.980543561156579618e-02,0.000000000000000000e+00
2.525000000000000000e+03,5.325289411202206447e-01,0.000000000000000000e+00
2.526000000000000000e+03,1.985635115197493528e-01,0.000000000000000000e+00
2.527000000000000000e+03,7.697115060506936057e-01,0.000000000000000000e+00
2.528000000000000000e+03,4.160861741026910532e-01,0.000000000000000000e+00
2.529000000000000000e+03,4.741695742609846609e-01,0.000000000000000000e+00
2.530000000000000000e+03,-5.492427498644648631e-01,0.000000000000000000e+00
2.531000000000000000e+03,1.462363495977767047e-01,0.000000000000000000e+00
2.532000000000000000e+03,-7.554364901904634388e-01,0.000000000000000000e+00
2.533000000000000000e+03,4.409304007866661212e-01,0.000000000000000000e+00
2.534000000000000000e+03,-8.670410385575695322e-01,0.000000000000000000e+00
2.535000000000000000e+03,5.105547006827315215e+00,0.000000000000000000e+00
2.536000000000000000e+03,2.619898601021117379e+00,1.000000000000000000e+00
2.537000000000000000e+03,-3.225371552737016145e+00,0.000000000000000000e+00
2.538000000000000000e+03,-4.934862909896892691e-01,0.000000000000000000e+00
2.539000000000000000e+03,-1.409747954535735648e+00,0.000000000000000000e+00
2.540000000000000000e+03,-4.271561978704810913e-01,0.000000000000000000e+00
2.541000000000000000e+03,-7.458169877738249909e-01,0.000000000000000000e+00
2.542000000000000000e+03,-2.271934897731293090e-01,0.000000000000000000e+00
2.543000000000000000e+03,-6.021939535629109441e-01,0.000000000000000000e+00
2.544000000000000000e+03,-2.149683357526508687e-01,0.000000000000000000e+00
2.545000000000000000e+03,-4.189267108428373354e-01,0.000000000000000000e+00
2.546000000000000000e+03,3.284839894841086461e-02,0.000000000000000000e+00
2.547000000000000000e+03,-2.109890306291198336e-01,0.000000000000000000e+00
2.548000000000000000e+03,2.051668818791931304e-01,0.000000000000000000e+00
2.549000000000000000e+03,1.494620690710182498e-01,0.000000000000000000e+00
2.550000000000000000e+03,3.422178173528316880e-01,0.000000000000000000e+00
2.551000000000000000e+03,3.230500389372259473e-01,0.000000000000000000e+00
2.552000000000000000e+03,4.353922913179000265e-01,0.000000000000000000e+00
2.553000000000000000e+03,5.449307019811533426e-02,0.000000000000000000e+00
2.554000000000000000e+03,2.170479893156198603e-01,0.000000000000000000e+00
2.555000000000000000e+03,-3.197119325765262476e-01,0.000000000000000000e+00
2.556000000000000000e+03,-1.667584306821483578e-02,0.000000000000000000e+00
2.557000000000000000e+03,-1.618703650820585704e-01,0.000000000000000000e+00
2.558000000000000000e+03,-9.083948417572820788e-02,0.000000000000000000e+00
2.559000000000000000e+03,-6.340115471701722460e-02,0.000000000000000000e+00
2.560000000000000000e+03,-1.551528789040317047e-01,0.000000000000000000e+00
2.561000000000000000e+03,-2.279768703895477255e-01,0.000000000000000000e+00
2.562000000000000000e+03,-2.211250838117426870e-02,0.000000000000000000e+00
2.563000000000000000e+03,-2.134327914274359583e-01,0.000000000000000000e+00
2.564000000000000000e+03,3.896953651675678920e-02,0.000000000000000000e+00
2.565000000000000000e+03,-1.015464072318870842e-01,0.000000000000000000e+00
2.566000000000000000e+03,-9.281937893020161812e-02,0.000000000000000000e+00
2.567000000000000000e+03,8.298118785527724972e-02,0.000000000000000000e+00
2.568000000000000000e+03,3.270432050460212597e-02,0.000000000000000000e+00
2.569000000000000000e+03,4.165493894459023488e-02,0.000000000000000000e+00
2.570000000000000000e+03,7.284002256763433270e-02,0.000000000000000000e+00
2.571000000000000000e+03,-8.314018212383398471e-03,0.000000000000000000e+00
2.572000000000000000e+03,-5.649335812648103444e-02,0.000000000000000000e+00
2.573000000000000000e+03,1.911654981683297283e-01,0.000000000000000000e+00
2.574000000000000000e+03,3.747695125077648431e-02,0.000000000000000000e+00
2.575000000000000000e+03,1.487096157250054895e-01,0.000000000000000000e+00
2.576000000000000000e+03,3.053902284731808692e-01,0.000000000000000000e+00
2.577000000000000000e+03,1.435920625801973827e-01,0.000000000000000000e+00
2.578000000000000000e+03,4.648883759980494967e-01,0.000000000000000000e+00
2.579000000000000000e+03,4.347582142155578255e-01,0.000000000000000000e+00
2.580000000000000000e+03,4.469434866925302563e-01,0.000000000000000000e+00
2.581000000000000000e+03,4.142129152999455416e-02,0.000000000000000000e+00
2.582000000000000000e+03,-4.230491004644061914e-01,0.000000000000000000e+00
2.583000000000000000e+03,-2.210300226190038131e-01,0.000000000000000000e+00
2.584000000000000000e+03,-3.800958716086605960e-01,0.000000000000000000e+00
2.585000000000000000e+03,-2.519126321697708840e-03,0.000000000000000000e+00
2.586000000000000000e+03,2.661891919252174499e-01,0.000000000000000000e+00
2.587000000000000000e+03,5.922342572274270189e+00,0.000000000000000000e+00
2.588000000000000000e+03,-1.045101148074684572e+00,1.000000000000000000e+00
2.589000000000000000e+03,-2.598375418446633223e+00,0.000000000000000000e+00
2.590000000000000000e+03,-3.024471673561260898e-01,0.000000000000000000e+00
2.591000000000000000e+03,-1.134337671462116282e+00,0.000000000000000000e+00
2.592000000000000000e+03,-3.385083744126717864e-01,0.000000000000000000e+00
2.593000000000000000e+03,-6.431376330990534740e-01,0.000000000000000000e+00
2.594000000000000000e+03,-2.881828145477969838e-01,0.000000000000000000e+00
2.595000000000000000e+03,-4.175518812782209044e-01,0.000000000000000000e+00
2.596000000000000000e+03,-3.150194988313807509e-01,0.000000000000000000e+00
2.597000000000000000e+03,-4.710153226963048056e-01,0.000000000000000000e+00
2.598000000000000000e+03,-4.609987948868936314e-02,0.000000000000000000e+00
2.599000000000000000e+03,-2.062164846276627050e-01,0.000000000000000000e+00
2.600000000000000000e+03,2.497750204358483717e-01,0.000000000000000000e+00
2.601000000000000000e+03,-9.589751626482859170e-02,0.000000000000000000e+00
2.602000000000000000e+03,2.127369088262037189e-01,0.000000000000000000e+00
2.603000000000000000e+03,2.728024015339752806e-01,0.000000000000000000e+00
2.604000000000000000e+03,1.000464657811072217e-01,0.000000000000000000e+00
2.605000000000000000e+03,-2.879013301151465698e-01,0.000000000000000000e+00
2.606000000000000000e+03,-2.114881579225314223e-01,0.000000000000000000e+00
2.607000000000000000e+03,-2.569469712332840827e-01,0.000000000000000000e+00
2.608000000000000000e+03,-1.274879050456705076e-01,0.000000000000000000e+00
2.609000000000000000e+03,-3.528362183783217976e-01,0.000000000000000000e+00
2.610000000000000000e+03,-1.348032344946506200e-01,0.000000000000000000e+00
2.611000000000000000e+03,-2.572813654201668299e-01,0.000000000000000000e+00
2.612000000000000000e+03,-1.098466237890549507e-01,0.000000000000000000e+00
2.613000000000000000e+03,-2.687729017786955055e-01,0.000000000000000000e+00
2.614000000000000000e+03,1.093950299156091349e-01,0.000000000000000000e+00
2.615000000000000000e+03,-1.527513513137831735e-01,0.000000000000000000e+00
2.616000000000000000e+03,1.879204195178980630e-01,0.000000000000000000e+00
2.617000000000000000e+03,-1.502639110353673757e-01,0.000000000000000000e+00
2.618000000000000000e+03,1.724807650260253844e-01,0.000000000000000000e+00
2.619000000000000000e+03,-9.797985278144262511e-02,0.000000000000000000e+00
2.620000000000000000e+03,-1.788301229071101103e-02,0.000000000000000000e+00
2.621000000000000000e+03,-5.439452966363156339e-02,0.000000000000000000e+00
2.622000000000000000e+03,1.777346514479815898e-01,0.000000000000000000e+00
2.623000000000000000e+03,-7.109870335264474074e-03,0.000000000000000000e+00
2.624000000000000000e+03,1.586384876625653584e-01,0.000000000000000000e+00
2.625000000000000000e+03,1.354289859465973578e-01,0.000000000000000000e+00
2.626000000000000000e+03,3.018942388233045171e-01,0.000000000000000000e+00
2.627000000000000000e+03,2.586376608961429846e-01,0.000000000000000000e+00
2.628000000000000000e+03,7.196142488200958365e-01,0.000000000000000000e+00
2.629000000000000000e+03,4.208460034670775674e-01,0.000000000000000000e+00
2.630000000000000000e+03,-2.296151917442915830e-02,0.000000000000000000e+00
2.631000000000000000e+03,-4.356535533381242220e-01,0.000000000000000000e+00
2.632000000000000000e+03,3.537018994366863955e-02,0.000000000000000000e+00
2.633000000000000000e+03,-4.424901186695092137e-01,0.000000000000000000e+00
2.634000000000000000e+03,2.847902572257625664e-01,0.000000000000000000e+00
2.635000000000000000e+03,1.287510599539135880e-01,0.000000000000000000e+00
2.636000000000000000e+03,6.058202390168824891e+00,0.000000000000000000e+00
2.637000000000000000e+03,-1.151078272973264927e+00,1.000000000000000000e+00
2.638000000000000000e+03,-2.388700498772657443e+00,0.000000000000000000e+00
2.639000000000000000e+03,-3.900844834505397540e-01,0.000000000000000000e+00
2.640000000000000000e+03,-7.464002794248163486e-01,0.000000000000000000e+00
2.641000000000000000e+03,-1.855471249731465988e-01,0.000000000000000000e+00
2.642000000000000000e+03,-3.696380938099927960e-01,0.000000000000000000e+00
2.643000000000000000e+03,-2.083826517156739666e-01,0.000000000000000000e+00
2.644000000000000000e+03,-1.601818770212872223e-01,0.000000000000000000e+00
2.645000000000000000e+03,-2.060482808726332160e-01,0.000000000000000000e+00
2.646000000000000000e+03,-2.194737002366029810e-01,0.000000000000000000e+00
2.647000000000000000e+03,8.778531853539997543e-02,0.000000000000000000e+00
2.648000000000000000e+03,1.411860979901131130e-01,0.000000000000000000e+00
2.649000000000000000e+03,2.870134287063281220e-01,0.000000000000000000e+00
2.650000000000000000e+03,4.331586855907650080e-02,0.000000000000000000e+00
2.651000000000000000e+03,4.262975457030289128e-01,0.000000000000000000e+00
2.652000000000000000e+03,3.468444145050873506e-01,0.000000000000000000e+00
2.653000000000000000e+03,1.830103803634829662e-01,0.000000000000000000e+00
2.654000000000000000e+03,-7.601479587441956065e-02,0.000000000000000000e+00
2.655000000000000000e+03,-1.679966990429313523e-01,0.000000000000000000e+00
2.656000000000000000e+03,-3.602463373302930982e-01,0.000000000000000000e+00
2.657000000000000000e+03,-2.144002140371229770e-01,0.000000000000000000e+00
2.658000000000000000e+03,-4.005755874276500927e-01,0.000000000000000000e+00
2.659000000000000000e+03,-1.941030015779942330e-01,0.000000000000000000e+00
2.660000000000000000e+03,-3.839249089440279761e-01,0.000000000000000000e+00
2.661000000000000000e+03,-2.108500105258604151e-01,0.000000000000000000e+00
2.662000000000000000e+03,-1.410655141680754732e-01,0.000000000000000000e+00
2.663000000000000000e+03,-8.243558179729962299e-02,0.000000000000000000e+00
2.664000000000000000e+03,-4.634585666566877482e-02,0.000000000000000000e+00
2.665000000000000000e+03,1.019183347890838601e-02,0.000000000000000000e+00
2.666000000000000000e+03,-8.001357104560344324e-02,0.000000000000000000e+00
2.667000000000000000e+03,6.006877022853358145e-02,0.000000000000000000e+00
2.668000000000000000e+03,1.155612081210303232e-01,0.000000000000000000e+00
2.669000000000000000e+03,-2.726342565612004110e-02,0.000000000000000000e+00
2.670000000000000000e+03,5.048691455109607928e-02,0.000000000000000000e+00
2.671000000000000000e+03,-1.728120317314201237e-01,0.000000000000000000e+00
2.672000000000000000e+03,3.151493862281813385e-01,0.000000000000000000e+00
2.673000000000000000e+03,-1.957776976869343433e-01,0.000000000000000000e+00
2.674000000000000000e+03,2.929511004230041515e-01,0.000000000000000000e+00
2.675000000000000000e+03,2.087024298500680386e-01,0.000000000000000000e+00
2.676000000000000000e+03,2.331124407154369083e-01,0.000000000000000000e+00
2.677000000000000000e+03,3.987932885595705246e-01,0.000000000000000000e+00
2.678000000000000000e+03,6.476529247042140947e-01,0.000000000000000000e+00
2.679000000000000000e+03,3.753666392383773753e-01,0.000000000000000000e+00
2.680000000000000000e+03,6.049321905771177371e-02,0.000000000000000000e+00
2.681000000000000000e+03,-4.963770660036203597e-01,0.000000000000000000e+00
2.682000000000000000e+03,-6.439732892957492072e-02,0.000000000000000000e+00
2.683000000000000000e+03,-3.717408206979537222e-01,0.000000000000000000e+00
2.684000000000000000e+03,5.282634112106059793e-02,0.000000000000000000e+00
2.685000000000000000e+03,4.834449762631868874e-01,0.000000000000000000e+00
2.686000000000000000e+03,6.039554980397417339e+00,0.000000000000000000e+00
2.687000000000000000e+03,-1.174818930379524007e+00,1.000000000000000000e+00
2.688000000000000000e+03,-1.874294518252747954e+00,0.000000000000000000e+00
2.689000000000000000e+03,-6.313701985705987285e-01,0.000000000000000000e+00
2.690000000000000000e+03,-7.791551442540780581e-01,0.000000000000000000e+00
2.691000000000000000e+03,-2.796954073821359965e-01,0.000000000000000000e+00
2.692000000000000000e+03,-5.847390919909077889e-01,0.000000000000000000e+00
2.693000000000000000e+03,-2.033536627020204324e-01,0.000000000000000000e+00
2.694000000000000000e+03,-3.158260525855284273e-01,0.000000000000000000e+00
2.695000000000000000e+03,-2.038427932156922640e-01,0.000000000000000000e+00
2.696000000000000000e+03,-2.486977146108760028e-01,0.000000000000000000e+00
2.697000000000000000e+03,-1.275202472437569345e-01,0.000000000000000000e+00
2.698000000000000000e+03,-1.778666700307748594e-01,0.000000000000000000e+00
2.699000000000000000e+03,1.246766041363828043e-01,0.000000000000000000e+00
2.700000000000000000e+03,8.454930453480391517e-02,0.000000000000000000e+00
2.701000000000000000e+03,2.273374776368464745e-01,0.000000000000000000e+00
2.702000000000000000e+03,2.464880990145172091e-01,0.000000000000000000e+00
2.703000000000000000e+03,1.846527589959725268e-01,0.000000000000000000e+00
2.704000000000000000e+03,-1.206737542621811460e-01,0.000000000000000000e+00
2.705000000000000000e+03,-2.336507210662953637e-01,0.000000000000000000e+00
2.706000000000000000e+03,-3.366516609000113625e-01,0.000000000000000000e+00
2.707000000000000000e+03,-1.540045896916034385e-01,0.000000000000000000e+00
2.708000000000000000e+03,-2.228803566721487828e-01,0.000000000000000000e+00
2.709000000000000000e+03,-2.291887386114836445e-01,0.000000000000000000e+00
2.710000000000000000e+03,-1.872436773069414417e-01,0.000000000000000000e+00
2.711000000000000000e+03,-2.070865185164008082e-01,0.000000000000000000e+00
2.712000000000000000e+03,-3.231587197893212027e-01,0.000000000000000000e+00
2.713000000000000000e+03,-1.775857561067670787e-01,0.000000000000000000e+00
2.714000000000000000e+03,-2.529807251366534421e-02,0.000000000000000000e+00
2.715000000000000000e+03,-1.285745143040570825e-02,0.000000000000000000e+00
2.716000000000000000e+03,7.524749261880239737e-02,0.000000000000000000e+00
2.717000000000000000e+03,5.601762323080049233e-02,0.000000000000000000e+00
2.718000000000000000e+03,5.038466589743938184e-02,0.000000000000000000e+00
2.719000000000000000e+03,2.171294889330328826e-02,0.000000000000000000e+00
2.720000000000000000e+03,7.377909603056145849e-02,0.000000000000000000e+00
2.721000000000000000e+03,1.399690636966125813e-02,0.000000000000000000e+00
2.722000000000000000e+03,1.160411044055850854e-01,0.000000000000000000e+00
2.723000000000000000e+03,1.538003297785057732e-01,0.000000000000000000e+00
2.724000000000000000e+03,1.289873974716351235e-01,0.000000000000000000e+00
2.725000000000000000e+03,8.843132404848765005e-02,0.000000000000000000e+00
2.726000000000000000e+03,2.972683082354629081e-01,0.000000000000000000e+00
2.727000000000000000e+03,3.066581382999583605e-01,0.000000000000000000e+00
2.728000000000000000e+03,4.398820470501578761e-01,0.000000000000000000e+00
2.729000000000000000e+03,6.005109400477335324e-01,0.000000000000000000e+00
2.730000000000000000e+03,4.372742396615140192e-01,0.000000000000000000e+00
2.731000000000000000e+03,-4.712830787786079223e-02,0.000000000000000000e+00
2.732000000000000000e+03,-3.305275974511797110e-01,0.000000000000000000e+00
2.733000000000000000e+03,-2.853808502390495216e-01,0.000000000000000000e+00
2.734000000000000000e+03,-3.166722146362260792e-01,0.000000000000000000e+00
2.735000000000000000e+03,-3.394126423655581259e-01,0.000000000000000000e+00
2.736000000000000000e+03,9.343733497276720534e-01,0.000000000000000000e+00
2.737000000000000000e+03,6.034053681263225499e+00,0.000000000000000000e+00
2.738000000000000000e+03,-2.141178585044965388e+00,1.000000000000000000e+00
2.739000000000000000e+03,-1.709884771429542649e+00,0.000000000000000000e+00
2.740000000000000000e+03,-8.412625342926768335e-01,0.000000000000000000e+00
2.741000000000000000e+03,-8.684321688780846094e-01,0.000000000000000000e+00
2.742000000000000000e+03,-6.659599058784255732e-01,0.000000000000000000e+00
2.743000000000000000e+03,-6.476870080207612901e-01,0.000000000000000000e+00
2.744000000000000000e+03,-5.329957453297190506e-01,0.000000000000000000e+00
2.745000000000000000e+03,-5.364286106625294481e-01,0.000000000000000000e+00
2.746000000000000000e+03,-3.348321670412831574e-01,0.000000000000000000e+00
2.747000000000000000e+03,-4.094789015133557530e-01,0.000000000000000000e+00
2.748000000000000000e+03,-7.340465601384543737e-02,0.000000000000000000e+00
2.749000000000000000e+03,-2.374261863381118276e-01,0.000000000000000000e+00
2.750000000000000000e+03,2.017936837644404013e-01,0.000000000000000000e+00
2.751000000000000000e+03,1.681067300189048874e-01,0.000000000000000000e+00
2.752000000000000000e+03,3.555209279976216385e-01,0.000000000000000000e+00
2.753000000000000000e+03,1.788313087471416485e-01,0.000000000000000000e+00
2.754000000000000000e+03,2.169479678181931159e-01,0.000000000000000000e+00
2.755000000000000000e+03,-1.726780814428663380e-01,0.000000000000000000e+00
2.756000000000000000e+03,-6.735091511783376783e-02,0.000000000000000000e+00
2.757000000000000000e+03,-3.125307938245058814e-01,0.000000000000000000e+00
2.758000000000000000e+03,-1.611474651512078138e-01,0.000000000000000000e+00
2.759000000000000000e+03,-2.839462098011131808e-01,0.000000000000000000e+00
2.760000000000000000e+03,-9.720650292318649965e-02,0.000000000000000000e+00
2.761000000000000000e+03,-3.246501830304919234e-01,0.000000000000000000e+00
2.762000000000000000e+03,-3.695033105474306023e-02,0.000000000000000000e+00
2.763000000000000000e+03,-2.478129456611849191e-01,0.000000000000000000e+00
2.764000000000000000e+03,8.428926193504250597e-03,0.000000000000000000e+00
2.765000000000000000e+03,7.829785912607718779e-02,0.000000000000000000e+00
2.766000000000000000e+03,9.825094095310674125e-02,0.000000000000000000e+00
2.767000000000000000e+03,5.562093211795055003e-02,0.000000000000000000e+00
2.768000000000000000e+03,2.324385804028897828e-01,0.000000000000000000e+00
2.769000000000000000e+03,8.505933228150543146e-02,0.000000000000000000e+00
2.770000000000000000e+03,1.969242716832102780e-01,0.000000000000000000e+00
2.771000000000000000e+03,3.310669378097982202e-02,0.000000000000000000e+00
2.772000000000000000e+03,2.052652185724280209e-01,0.000000000000000000e+00
2.773000000000000000e+03,1.141810886865437941e-01,0.000000000000000000e+00
2.774000000000000000e+03,2.917011248560347769e-01,0.000000000000000000e+00
2.775000000000000000e+03,4.144495941482474050e-02,0.000000000000000000e+00
2.776000000000000000e+03,2.619921866819409084e-01,0.000000000000000000e+00
2.777000000000000000e+03,2.240187263132377149e-01,0.000000000000000000e+00
2.778000000000000000e+03,2.588648204287277710e-01,0.000000000000000000e+00
2.779000000000000000e+03,2.931395900677894462e-01,0.000000000000000000e+00
2.780000000000000000e+03,6.675282546919314441e-01,0.000000000000000000e+00
2.781000000000000000e+03,3.242253616356191581e-01,0.000000000000000000e+00
2.782000000000000000e+03,5.818623667318479908e-01,0.000000000000000000e+00
2.783000000000000000e+03,-5.840528288834118120e-01,0.000000000000000000e+00
2.784000000000000000e+03,-7.128287250139722642e-02,0.000000000000000000e+00
2.785000000000000000e+03,-6.254365887081925202e-01,0.000000000000000000e+00
2.786000000000000000e+03,4.646690890526626316e-01,0.000000000000000000e+00
2.787000000000000000e+03,-8.864213077358812365e-01,0.000000000000000000e+00
2.788000000000000000e+03,4.238481157691625256e+00,0.000000000000000000e+00
2.789000000000000000e+03,3.310815221971756817e+00,1.000000000000000000e+00
2.790000000000000000e+03,-3.658994848424333757e+00,0.000000000000000000e+00
2.791000000000000000e+03,-3.597507797761748671e-01,0.000000000000000000e+00
2.792000000000000000e+03,-1.288623767468972892e+00,0.000000000000000000e+00
2.793000000000000000e+03,-2.530070296969760268e-01,0.000000000000000000e+00
2.794000000000000000e+03,-7.896297598008722440e-01,0.000000000000000000e+00
2.795000000000000000e+03,-8.938881499048859092e-02,0.000000000000000000e+00
2.796000000000000000e+03,-6.683290180763393762e-01,0.000000000000000000e+00
2.797000000000000000e+03,-9.052376670264537795e-02,0.000000000000000000e+00
2.798000000000000000e+03,-4.019312451542831344e-01,0.000000000000000000e+00
2.799000000000000000e+03,-6.673333953601001678e-02,0.000000000000000000e+00
2.800000000000000000e+03,-1.882153773357182758e-01,0.000000000000000000e+00
2.801000000000000000e+03,1.000260423378866725e-01,0.000000000000000000e+00
2.802000000000000000e+03,-7.119547823746388837e-02,0.000000000000000000e+00
2.803000000000000000e+03,1.631623666179256582e-01,0.000000000000000000e+00
2.804000000000000000e+03,2.310312079028958021e-01,0.000000000000000000e+00
2.805000000000000000e+03,1.522297748771496706e-01,0.000000000000000000e+00
2.806000000000000000e+03,-2.369755244377657333e-01,0.000000000000000000e+00
2.807000000000000000e+03,-1.178489896789089303e-01,0.000000000000000000e+00
2.808000000000000000e+03,-3.712683893499996168e-01,0.000000000000000000e+00
2.809000000000000000e+03,-3.487462962496830077e-01,0.000000000000000000e+00
2.810000000000000000e+03,-2.730845986314553997e-01,0.000000000000000000e+00
2.811000000000000000e+03,-2.484599949718729883e-01,0.000000000000000000e+00
2.812000000000000000e+03,-2.400665936668122946e-01,0.000000000000000000e+00
2.813000000000000000e+03,-2.084836595436374840e-01,0.000000000000000000e+00
2.814000000000000000e+03,-3.230043615601656537e-01,0.000000000000000000e+00
2.815000000000000000e+03,-1.295001737459695601e-01,0.000000000000000000e+00
2.816000000000000000e+03,8.206220059279172030e-02,0.000000000000000000e+00
2.817000000000000000e+03,-1.651379947642483970e-01,0.000000000000000000e+00
2.818000000000000000e+03,6.730376756924341675e-02,0.000000000000000000e+00
2.819000000000000000e+03,8.461992920412184094e-02,0.000000000000000000e+00
2.820000000000000000e+03,7.044551792432139636e-02,0.000000000000000000e+00
2.821000000000000000e+03,1.164980391725667086e-01,0.000000000000000000e+00
2.822000000000000000e+03,1.420487992153356138e-01,0.000000000000000000e+00
2.823000000000000000e+03,-6.783475471761576947e-02,0.000000000000000000e+00
2.824000000000000000e+03,1.193119076494697783e-01,0.000000000000000000e+00
2.825000000000000000e+03,-3.556839776620752958e-02,0.000000000000000000e+00
2.826000000000000000e+03,9.321476008666063073e-02,0.000000000000000000e+00
2.827000000000000000e+03,1.844947367938903071e-01,0.000000000000000000e+00
2.828000000000000000e+03,4.776586551801336178e-01,0.000000000000000000e+00
2.829000000000000000e+03,2.406304322593385003e-01,0.000000000000000000e+00
2.830000000000000000e+03,7.163750919712785770e-01,0.000000000000000000e+00
2.831000000000000000e+03,4.120625742915300926e-01,0.000000000000000000e+00
2.832000000000000000e+03,1.402035587922899063e-01,0.000000000000000000e+00
2.833000000000000000e+03,-4.014710113992349116e-01,0.000000000000000000e+00
2.834000000000000000e+03,8.749505051778135034e-02,0.000000000000000000e+00
2.835000000000000000e+03,-4.149376444326809965e-01,0.000000000000000000e+00
2.836000000000000000e+03,2.253326687544863760e-01,0.000000000000000000e+00
2.837000000000000000e+03,-3.795979249053161447e-02,0.000000000000000000e+00
2.838000000000000000e+03,5.913086318267053443e+00,0.000000000000000000e+00
2.839000000000000000e+03,-4.139222290678072347e-01,1.000000000000000000e+00
2.840000000000000000e+03,-2.761225964714201453e+00,0.000000000000000000e+00
2.841000000000000000e+03,-7.543863197647419916e-02,0.000000000000000000e+00
2.842000000000000000e+03,-1.172853202746640289e+00,0.000000000000000000e+00
2.843000000000000000e+03,-1.164898132716941405e-02,0.000000000000000000e+00
2.844000000000000000e+03,-7.216084955735111439e-01,0.000000000000000000e+00
2.845000000000000000e+03,-6.236521899313931389e-02,0.000000000000000000e+00
2.846000000000000000e+03,-5.417671886849653173e-01,0.000000000000000000e+00
2.847000000000000000e+03,8.883931002525458087e-02,0.000000000000000000e+00
2.848000000000000000e+03,-2.345225343602437840e-01,0.000000000000000000e+00
2.849000000000000000e+03,2.692240116561583213e-02,0.000000000000000000e+00
2.850000000000000000e+03,-2.541724003244917552e-05,0.000000000000000000e+00
2.851000000000000000e+03,2.204149510940514312e-01,0.000000000000000000e+00
2.852000000000000000e+03,1.374346836598538124e-01,0.000000000000000000e+00
2.853000000000000000e+03,4.330161578820496127e-01,0.000000000000000000e+00
2.854000000000000000e+03,1.862133692502639659e-01,0.000000000000000000e+00
2.855000000000000000e+03,1.361764023104125865e-01,0.000000000000000000e+00
2.856000000000000000e+03,-1.235277318221679466e-01,0.000000000000000000e+00
2.857000000000000000e+03,-3.354184463456593712e-01,0.000000000000000000e+00
2.858000000000000000e+03,-4.644439059275939363e-01,0.000000000000000000e+00
2.859000000000000000e+03,-2.419148305441383706e-01,0.000000000000000000e+00
2.860000000000000000e+03,-4.621472524479018351e-01,0.000000000000000000e+00
2.861000000000000000e+03,-1.915420509977459051e-01,0.000000000000000000e+00
2.862000000000000000e+03,-3.179342135756618171e-01,0.000000000000000000e+00
2.863000000000000000e+03,-1.907351849393589538e-01,0.000000000000000000e+00
2.864000000000000000e+03,-2.774590651847534395e-01,0.000000000000000000e+00
2.865000000000000000e+03,-1.314820771042540803e-01,0.000000000000000000e+00
2.866000000000000000e+03,-2.958558441772206615e-01,0.000000000000000000e+00
2.867000000000000000e+03,-1.467174003996902509e-01,0.000000000000000000e+00
2.868000000000000000e+03,-5.135578211211085098e-02,0.000000000000000000e+00
2.869000000000000000e+03,-3.284987284401808677e-02,0.000000000000000000e+00
2.870000000000000000e+03,-9.013399705644314919e-02,0.000000000000000000e+00
2.871000000000000000e+03,2.123800266459684172e-01,0.000000000000000000e+00
2.872000000000000000e+03,-7.042595428180827011e-02,0.000000000000000000e+00
2.873000000000000000e+03,1.257281169123244391e-01,0.000000000000000000e+00
2.874000000000000000e+03,1.916561741238933803e-01,0.000000000000000000e+00
2.875000000000000000e+03,5.232397838943789875e-02,0.000000000000000000e+00
2.876000000000000000e+03,4.035208879767197554e-01,0.000000000000000000e+00
2.877000000000000000e+03,4.405644176315681171e-01,0.000000000000000000e+00
2.878000000000000000e+03,5.378182454491865494e-01,0.000000000000000000e+00
2.879000000000000000e+03,4.322270612349911612e-01,0.000000000000000000e+00
2.880000000000000000e+03,1.144009457030451260e-01,0.000000000000000000e+00
2.881000000000000000e+03,-3.364890196718269277e-01,0.000000000000000000e+00
2.882000000000000000e+03,1.561938920042060808e-01,0.000000000000000000e+00
2.883000000000000000e+03,-5.183411964193381793e-01,0.000000000000000000e+00
2.884000000000000000e+03,2.882394176332288560e-01,0.000000000000000000e+00
2.885000000000000000e+03,-2.961213740141465656e-01,0.000000000000000000e+00
2.886000000000000000e+03,5.534503423165594072e+00,0.000000000000000000e+00
2.887000000000000000e+03,3.913994224958459167e-01,1.000000000000000000e+00
2.888000000000000000e+03,-2.957864398920455606e+00,0.000000000000000000e+00
2.889000000000000000e+03,-1.761912618006855891e-01,0.000000000000000000e+00
2.890000000000000000e+03,-1.155484667507195695e+00,0.000000000000000000e+00
2.891000000000000000e+03,-1.487249059256022521e-01,0.000000000000000000e+00
2.892000000000000000e+03,-8.585366857662282136e-01,0.000000000000000000e+00
2.893000000000000000e+03,1.304830447336925844e-03,0.000000000000000000e+00
2.894000000000000000e+03,-5.202553908578450015e-01,0.000000000000000000e+00
2.895000000000000000e+03,6.624394737412646339e-02,0.000000000000000000e+00
2.896000000000000000e+03,-4.540508255147551742e-01,0.000000000000000000e+00
2.897000000000000000e+03,-8.822151405290348802e-02,0.000000000000000000e+00
2.898000000000000000e+03,-3.490413305588003778e-01,0.000000000000000000e+00
2.899000000000000000e+03,4.191017479917617528e-01,0.000000000000000000e+00
2.900000000000000000e+03,7.517848275636235256e-02,0.000000000000000000e+00
2.901000000000000000e+03,4.935743660352284734e-01,0.000000000000000000e+00
2.902000000000000000e+03,1.995150012252528693e-01,0.000000000000000000e+00
2.903000000000000000e+03,4.591579943117538032e-01,0.000000000000000000e+00
2.904000000000000000e+03,-2.495799204647578262e-01,0.000000000000000000e+00
2.905000000000000000e+03,7.394258436339269658e-02,0.000000000000000000e+00
2.906000000000000000e+03,-4.182886715483415951e-01,0.000000000000000000e+00
2.907000000000000000e+03,2.073889826124454203e-02,0.000000000000000000e+00
2.908000000000000000e+03,-3.397896680535402725e-01,0.000000000000000000e+00
2.909000000000000000e+03,-1.038287376951126106e-01,0.000000000000000000e+00
2.910000000000000000e+03,-4.358689293234436213e-01,0.000000000000000000e+00
2.911000000000000000e+03,-5.349772832757414276e-02,0.000000000000000000e+00
2.912000000000000000e+03,-2.471986857905847934e-01,0.000000000000000000e+00
2.913000000000000000e+03,-7.297666200860268571e-02,0.000000000000000000e+00
2.914000000000000000e+03,-1.159275117643014802e-01,0.000000000000000000e+00
2.915000000000000000e+03,2.530140450381524464e-01,0.000000000000000000e+00
2.916000000000000000e+03,-2.106815451682617912e-01,0.000000000000000000e+00
2.917000000000000000e+03,2.030622744186666717e-01,0.000000000000000000e+00
2.918000000000000000e+03,-1.881902006964960850e-01,0.000000000000000000e+00
2.919000000000000000e+03,1.535316356839480922e-01,0.000000000000000000e+00
2.920000000000000000e+03,-1.181464189611145521e-01,0.000000000000000000e+00
2.921000000000000000e+03,2.169119434592386431e-01,0.000000000000000000e+00
2.922000000000000000e+03,-1.253727714954950279e-01,0.000000000000000000e+00
2.923000000000000000e+03,2.350660456151986155e-01,0.000000000000000000e+00
2.924000000000000000e+03,-1.277473629604166383e-01,0.000000000000000000e+00
2.925000000000000000e+03,4.018322020522359095e-01,0.000000000000000000e+00
2.926000000000000000e+03,2.115896684055903754e-01,0.000000000000000000e+00
2.927000000000000000e+03,8.592632068507424226e-01,0.000000000000000000e+00
2.928000000000000000e+03,3.850956751702078740e-01,0.000000000000000000e+00
2.929000000000000000e+03,5.261030293309426620e-01,0.000000000000000000e+00
2.930000000000000000e+03,-6.965601775074512503e-01,0.000000000000000000e+00
2.931000000000000000e+03,1.274876143159243136e-01,0.000000000000000000e+00
2.932000000000000000e+03,-6.370136384251080530e-01,0.000000000000000000e+00
2.933000000000000000e+03,4.895430964357811998e-01,0.000000000000000000e+00
2.934000000000000000e+03,-7.133005463000776647e-01,0.000000000000000000e+00
2.935000000000000000e+03,4.495501720868923634e+00,0.000000000000000000e+00
2.936000000000000000e+03,3.059539858580147431e+00,1.000000000000000000e+00
2.937000000000000000e+03,-3.212755584313166324e+00,0.000000000000000000e+00
2.938000000000000000e+03,-4.102251425551793340e-01,0.000000000000000000e+00
2.939000000000000000e+03,-1.209991707146784945e+00,0.000000000000000000e+00
2.940000000000000000e+03,-3.692587601274975873e-01,0.000000000000000000e+00
2.941000000000000000e+03,-1.047834363723455953e+00,0.000000000000000000e+00
2.942000000000000000e+03,-2.497475493279052369e-02,0.000000000000000000e+00
2.943000000000000000e+03,-5.855900123231925214e-01,0.000000000000000000e+00
2.944000000000000000e+03,-3.684349295316732276e-01,0.000000000000000000e+00
2.945000000000000000e+03,-3.638721697086533813e-01,0.000000000000000000e+00
2.946000000000000000e+03,-1.682554053512548831e-01,0.000000000000000000e+00
2.947000000000000000e+03,-3.187216315162888502e-01,0.000000000000000000e+00
2.948000000000000000e+03,7.937646448429983015e-02,0.000000000000000000e+00
2.949000000000000000e+03,2.511020131568491784e-02,0.000000000000000000e+00
2.950000000000000000e+03,2.425149475992833537e-01,0.000000000000000000e+00
2.951000000000000000e+03,2.299809703542060602e-01,0.000000000000000000e+00
2.952000000000000000e+03,2.959406404386329958e-01,0.000000000000000000e+00
2.953000000000000000e+03,-5.547589486367856398e-02,0.000000000000000000e+00
2.954000000000000000e+03,-5.706481474564722989e-02,0.000000000000000000e+00
2.955000000000000000e+03,-2.334260343968954932e-01,0.000000000000000000e+00
2.956000000000000000e+03,-1.268007865015423896e-01,0.000000000000000000e+00
2.957000000000000000e+03,-2.374983330437798468e-01,0.000000000000000000e+00
2.958000000000000000e+03,-1.595212587176454699e-01,0.000000000000000000e+00
2.959000000000000000e+03,-2.006826367703515857e-01,0.000000000000000000e+00
2.960000000000000000e+03,-1.527539594026099401e-01,0.000000000000000000e+00
2.961000000000000000e+03,-6.036852963837525954e-02,0.000000000000000000e+00
2.962000000000000000e+03,8.991548633694962378e-02,0.000000000000000000e+00
2.963000000000000000e+03,-1.473897908377818644e-01,0.000000000000000000e+00
2.964000000000000000e+03,1.348073587938928009e-01,0.000000000000000000e+00
2.965000000000000000e+03,9.282561518412814350e-02,0.000000000000000000e+00
2.966000000000000000e+03,8.389188525888588432e-02,0.000000000000000000e+00
2.967000000000000000e+03,-4.357312096839654342e-02,0.000000000000000000e+00
2.968000000000000000e+03,1.895492327546857980e-01,0.000000000000000000e+00
2.969000000000000000e+03,6.017698750155140580e-02,0.000000000000000000e+00
2.970000000000000000e+03,8.512607777175708323e-02,0.000000000000000000e+00
2.971000000000000000e+03,8.425433416630426220e-02,0.000000000000000000e+00
2.972000000000000000e+03,8.609043572793861898e-02,0.000000000000000000e+00
2.973000000000000000e+03,4.727335941838946981e-02,0.000000000000000000e+00
2.974000000000000000e+03,-4.679302329960405987e-02,0.000000000000000000e+00
2.975000000000000000e+03,2.430237461729971293e-02,0.000000000000000000e+00
2.976000000000000000e+03,3.032465077407011100e-01,0.000000000000000000e+00
2.977000000000000000e+03,3.056229105607130569e-01,0.000000000000000000e+00
2.978000000000000000e+03,6.795418441205621773e-01,0.000000000000000000e+00
2.979000000000000000e+03,3.006379870910244612e-01,0.000000000000000000e+00
2.980000000000000000e+03,3.253536799212206412e-03,0.000000000000000000e+00
2.981000000000000000e+03,-4.300474021213479547e-01,0.000000000000000000e+00
2.982000000000000000e+03,-8.356800322631868783e-02,0.000000000000000000e+00
2.983000000000000000e+03,-3.431361480124280328e-01,0.000000000000000000e+00
2.984000000000000000e+03,1.350260783162550611e-02,0.000000000000000000e+00
2.985000000000000000e+03,5.510613484258716221e-01,0.000000000000000000e+00
2.986000000000000000e+03,6.317373657732082037e+00,0.000000000000000000e+00
2.987000000000000000e+03,-1.301038091144309350e+00,1.000000000000000000e+00
2.988000000000000000e+03,-2.050723113377157958e+00,0.000000000000000000e+00
2.989000000000000000e+03,-6.499986858052926308e-01,0.000000000000000000e+00
2.990000000000000000e+03,-8.335978995109092349e-01,0.000000000000000000e+00
2.991000000000000000e+03,-4.524764131809757561e-01,0.000000000000000000e+00
2.992000000000000000e+03,-4.964833422272985075e-01,0.000000000000000000e+00
2.993000000000000000e+03,-3.671373352058350803e-01,0.000000000000000000e+00
2.994000000000000000e+03,-3.733947321517418483e-01,0.000000000000000000e+00
2.995000000000000000e+03,-3.447050157988750807e-01,0.000000000000000000e+00
2.996000000000000000e+03,-1.060455934403823908e-01,0.000000000000000000e+00
2.997000000000000000e+03,-1.264879781139443271e-01,0.000000000000000000e+00
2.998000000000000000e+03,-6.749738347836888551e-03,0.000000000000000000e+00
2.999000000000000000e+03,7.778029965505772747e-02,0.000000000000000000e+00
3.000000000000000000e+03,2.247817598291863006e-01,0.000000000000000000e+00
3.001000000000000000e+03,2.737548128052670893e-01,0.000000000000000000e+00
3.002000000000000000e+03,2.242954808753406526e-01,0.000000000000000000e+00
3.003000000000000000e+03,2.887212541802675059e-01,0.000000000000000000e+00
3.004000000000000000e+03,-1.773145595343377512e-01,0.000000000000000000e+00
3.005000000000000000e+03,-9.884129118975255868e-02,0.000000000000000000e+00
3.006000000000000000e+03,-2.743030717329775214e-01,0.000000000000000000e+00
3.007000000000000000e+03,-3.710990151525608294e-01,0.000000000000000000e+00
3.008000000000000000e+03,-1.501832334010960723e-01,0.000000000000000000e+00
3.009000000000000000e+03,-4.108325686305316360e-01,0.000000000000000000e+00
3.010000000000000000e+03,-2.847430760465072264e-01,0.000000000000000000e+00
3.011000000000000000e+03,-3.077693058517062541e-01,0.000000000000000000e+00
3.012000000000000000e+03,-3.939940656004871644e-01,0.000000000000000000e+00
3.013000000000000000e+03,-1.215510240786529667e-01,0.000000000000000000e+00
3.014000000000000000e+03,-8.776489327472793145e-02,0.000000000000000000e+00
3.015000000000000000e+03,-1.612197261444033858e-01,0.000000000000000000e+00
3.016000000000000000e+03,-6.035460198926436391e-03,0.000000000000000000e+00
3.017000000000000000e+03,-1.723374352799782877e-02,0.000000000000000000e+00
3.018000000000000000e+03,-2.794580248660108457e-02,0.000000000000000000e+00
3.019000000000000000e+03,-1.918195382477925759e-01,0.000000000000000000e+00
3.020000000000000000e+03,-4.579589443042159785e-02,0.000000000000000000e+00
3.021000000000000000e+03,-1.752489412543719871e-01,0.000000000000000000e+00
3.022000000000000000e+03,7.433750180953466180e-02,0.000000000000000000e+00
3.023000000000000000e+03,-1.047123440346929696e-01,0.000000000000000000e+00
3.024000000000000000e+03,-9.393239909492114015e-02,0.000000000000000000e+00
3.025000000000000000e+03,1.129252167253955441e-01,0.000000000000000000e+00
3.026000000000000000e+03,2.110351746571345333e-01,0.000000000000000000e+00
3.027000000000000000e+03,3.543221234763114236e-01,0.000000000000000000e+00
3.028000000000000000e+03,7.133564518683405131e-01,0.000000000000000000e+00
3.029000000000000000e+03,3.216119425317033320e-01,0.000000000000000000e+00
3.030000000000000000e+03,1.315866910880260643e-01,0.000000000000000000e+00
3.031000000000000000e+03,-4.796048344130078300e-01,0.000000000000000000e+00
3.032000000000000000e+03,8.603941119342882471e-02,0.000000000000000000e+00
3.033000000000000000e+03,-4.389438846155087615e-01,0.000000000000000000e+00
3.034000000000000000e+03,2.012285790816690512e-01,0.000000000000000000e+00
3.035000000000000000e+03,-1.568524453439051197e-02,0.000000000000000000e+00
3.036000000000000000e+03,5.912791809707401036e+00,0.000000000000000000e+00
3.037000000000000000e+03,-4.660867845970708689e-01,1.000000000000000000e+00
3.038000000000000000e+03,-2.784250212895893473e+00,0.000000000000000000e+00
3.039000000000000000e+03,-3.757758224116316548e-01,0.000000000000000000e+00
3.040000000000000000e+03,-1.145900454694738446e+00,0.000000000000000000e+00
3.041000000000000000e+03,-4.218920609736829253e-01,0.000000000000000000e+00
3.042000000000000000e+03,-5.444822318117062965e-01,0.000000000000000000e+00
3.043000000000000000e+03,-2.297633460327699606e-01,0.000000000000000000e+00
3.044000000000000000e+03,-5.040407042786534397e-01,0.000000000000000000e+00
3.045000000000000000e+03,-5.307170388701849123e-02,0.000000000000000000e+00
3.046000000000000000e+03,-3.421812225509743843e-01,0.000000000000000000e+00
3.047000000000000000e+03,7.622921637707140430e-02,0.000000000000000000e+00
3.048000000000000000e+03,-1.739811773219507030e-01,0.000000000000000000e+00
3.049000000000000000e+03,1.567289281542564860e-01,0.000000000000000000e+00
3.050000000000000000e+03,2.055313459853480573e-01,0.000000000000000000e+00
3.051000000000000000e+03,3.774389724764034559e-01,0.000000000000000000e+00
3.052000000000000000e+03,1.893550809507041632e-01,0.000000000000000000e+00
3.053000000000000000e+03,1.937958627293256686e-01,0.000000000000000000e+00
3.054000000000000000e+03,-1.595108784661317392e-01,0.000000000000000000e+00
3.055000000000000000e+03,-1.703721687060115730e-01,0.000000000000000000e+00
3.056000000000000000e+03,-4.101316817313283014e-01,0.000000000000000000e+00
3.057000000000000000e+03,-1.396922307289023835e-01,0.000000000000000000e+00
3.058000000000000000e+03,-3.242509632547601606e-01,0.000000000000000000e+00
3.059000000000000000e+03,-2.250647621238331675e-01,0.000000000000000000e+00
3.060000000000000000e+03,-4.350348368771155272e-01,0.000000000000000000e+00
3.061000000000000000e+03,5.170780518266662046e-02,0.000000000000000000e+00
3.062000000000000000e+03,-2.796729218677970197e-01,0.000000000000000000e+00
3.063000000000000000e+03,1.671275702653629847e-01,0.000000000000000000e+00
3.064000000000000000e+03,2.693484480610927601e-02,0.000000000000000000e+00
3.065000000000000000e+03,7.228914787304617506e-02,0.000000000000000000e+00
3.066000000000000000e+03,2.880826311535489986e-02,0.000000000000000000e+00
3.067000000000000000e+03,1.440644977957735440e-01,0.000000000000000000e+00
3.068000000000000000e+03,1.647733668804487236e-03,0.000000000000000000e+00
3.069000000000000000e+03,1.398046499582627500e-01,0.000000000000000000e+00
3.070000000000000000e+03,1.396025637816403764e-01,0.000000000000000000e+00
3.071000000000000000e+03,2.220179042146093740e-01,0.000000000000000000e+00
3.072000000000000000e+03,5.270232850581069465e-04,0.000000000000000000e+00
3.073000000000000000e+03,2.239022920305092368e-01,0.000000000000000000e+00
3.074000000000000000e+03,2.004434007000576445e-01,0.000000000000000000e+00
3.075000000000000000e+03,3.929099671957181905e-01,0.000000000000000000e+00
3.076000000000000000e+03,3.834316225174685400e-01,0.000000000000000000e+00
3.077000000000000000e+03,6.038225596172043241e-01,0.000000000000000000e+00
3.078000000000000000e+03,3.292715879609258711e-01,0.000000000000000000e+00
3.079000000000000000e+03,-1.471043158876626511e-01,0.000000000000000000e+00
3.080000000000000000e+03,-3.476319177500509783e-01,0.000000000000000000e+00
3.081000000000000000e+03,-1.163196038651388570e-01,0.000000000000000000e+00
3.082000000000000000e+03,-1.106472566767614657e-01,0.000000000000000000e+00
3.083000000000000000e+03,-1.325672153615271021e-01,0.000000000000000000e+00
3.084000000000000000e+03,1.160187729514221555e+00,0.000000000000000000e+00
3.085000000000000000e+03,5.803170210838013432e+00,0.000000000000000000e+00
3.086000000000000000e+03,-2.491594265551779763e+00,1.000000000000000000e+00
3.087000000000000000e+03,-1.624429694759779164e+00,0.000000000000000000e+00
3.088000000000000000e+03,-4.682427739922842003e-01,0.000000000000000000e+00
3.089000000000000000e+03,-6.557588843429432712e-01,0.000000000000000000e+00
3.090000000000000000e+03,-3.999660093831426400e-01,0.000000000000000000e+00
3.091000000000000000e+03,-4.942080808455383556e-01,0.000000000000000000e+00
3.092000000000000000e+03,-2.030396253411513585e-01,0.000000000000000000e+00
3.093000000000000000e+03,-8.231169883118027997e-02,0.000000000000000000e+00
3.094000000000000000e+03,-2.304755786726775113e-01,0.000000000000000000e+00
3.095000000000000000e+03,-9.089930955318342720e-02,0.000000000000000000e+00
3.096000000000000000e+03,8.971822644303160954e-02,0.000000000000000000e+00
3.097000000000000000e+03,9.836203329996066891e-02,0.000000000000000000e+00
3.098000000000000000e+03,2.391975446163246422e-01,0.000000000000000000e+00
3.099000000000000000e+03,1.766515804271708012e-01,0.000000000000000000e+00
3.100000000000000000e+03,3.908119560824253047e-01,0.000000000000000000e+00
3.101000000000000000e+03,3.935227241717475510e-01,0.000000000000000000e+00
3.102000000000000000e+03,2.397183823163179517e-01,0.000000000000000000e+00
3.103000000000000000e+03,-3.226184049911185597e-02,0.000000000000000000e+00
3.104000000000000000e+03,-1.306054523195185613e-01,0.000000000000000000e+00
3.105000000000000000e+03,-2.645281182088254912e-01,0.000000000000000000e+00
3.106000000000000000e+03,-6.712626788369165098e-02,0.000000000000000000e+00
3.107000000000000000e+03,-2.538293958926530758e-01,0.000000000000000000e+00
3.108000000000000000e+03,-1.712871820076294627e-01,0.000000000000000000e+00
3.109000000000000000e+03,-1.458165824537139832e-01,0.000000000000000000e+00
3.110000000000000000e+03,-1.697125072259048906e-01,0.000000000000000000e+00
3.111000000000000000e+03,-9.483614978826408748e-02,0.000000000000000000e+00
3.112000000000000000e+03,-1.032265409251707927e-01,0.000000000000000000e+00
3.113000000000000000e+03,-3.369661778106415161e-03,0.000000000000000000e+00
3.114000000000000000e+03,-2.845237447529147534e-02,0.000000000000000000e+00
3.115000000000000000e+03,1.035436863635766508e-01,0.000000000000000000e+00
3.116000000000000000e+03,-2.257064418123550659e-02,0.000000000000000000e+00
3.117000000000000000e+03,-9.460777375954994295e-02,0.000000000000000000e+00
3.118000000000000000e+03,-8.231202077547010443e-02,0.000000000000000000e+00
3.119000000000000000e+03,-7.058286497624539912e-02,0.000000000000000000e+00
3.120000000000000000e+03,4.272652162814153526e-02,0.000000000000000000e+00
3.121000000000000000e+03,-8.203962475169336577e-02,0.000000000000000000e+00
3.122000000000000000e+03,2.359536423528169058e-02,0.000000000000000000e+00
3.123000000000000000e+03,2.622363374922833529e-02,0.000000000000000000e+00
3.124000000000000000e+03,7.633425325904409642e-02,0.000000000000000000e+00
3.125000000000000000e+03,1.246624950144640254e-01,0.000000000000000000e+00
3.126000000000000000e+03,5.157965625568172729e-01,0.000000000000000000e+00
3.127000000000000000e+03,3.900930691346070622e-01,0.000000000000000000e+00
3.128000000000000000e+03,4.240525125913022220e-01,0.000000000000000000e+00
3.129000000000000000e+03,-2.089839455092335485e-01,0.000000000000000000e+00
3.130000000000000000e+03,-2.974067802250670578e-01,0.000000000000000000e+00
3.131000000000000000e+03,-3.932433015911837026e-01,0.000000000000000000e+00
3.132000000000000000e+03,-1.020439827783613529e-01,0.000000000000000000e+00
3.133000000000000000e+03,-3.725252091510135588e-01,0.000000000000000000e+00
3.134000000000000000e+03,1.784297017097733029e+00,0.000000000000000000e+00
3.135000000000000000e+03,5.593668533536846788e+00,0.000000000000000000e+00
3.136000000000000000e+03,-2.663933295210347829e+00,1.000000000000000000e+00
3.137000000000000000e+03,-1.171579001103088880e+00,0.000000000000000000e+00
3.138000000000000000e+03,-8.909367202087644655e-01,0.000000000000000000e+00
3.139000000000000000e+03,-6.410739721809876057e-01,0.000000000000000000e+00
3.140000000000000000e+03,-5.236972663632998293e-01,0.000000000000000000e+00
3.141000000000000000e+03,-3.279352024679031974e-01,0.000000000000000000e+00
3.142000000000000000e+03,-5.073788604504975153e-01,0.000000000000000000e+00
3.143000000000000000e+03,-2.336594474917906561e-01,0.000000000000000000e+00
3.144000000000000000e+03,-3.326520003074840970e-01,0.000000000000000000e+00
3.145000000000000000e+03,-1.432637670560344689e-01,0.000000000000000000e+00
3.146000000000000000e+03,-8.440723129894016352e-02,0.000000000000000000e+00
3.147000000000000000e+03,7.264015399398229822e-02,0.000000000000000000e+00
3.148000000000000000e+03,-5.908304559030940623e-02,0.000000000000000000e+00
3.149000000000000000e+03,2.356633275541370476e-01,0.000000000000000000e+00
3.150000000000000000e+03,1.734568105593175535e-01,0.000000000000000000e+00
3.151000000000000000e+03,2.525621326598359584e-01,0.000000000000000000e+00
3.152000000000000000e+03,9.711758852102600481e-02,0.000000000000000000e+00
3.153000000000000000e+03,-1.808298595080367888e-01,0.000000000000000000e+00
3.154000000000000000e+03,-2.938845823150688097e-01,0.000000000000000000e+00
3.155000000000000000e+03,-3.688717625253684074e-01,0.000000000000000000e+00
3.156000000000000000e+03,-2.916711098494347287e-01,0.000000000000000000e+00
3.157000000000000000e+03,-2.717388270655535232e-01,0.000000000000000000e+00
3.158000000000000000e+03,-4.098759084909993633e-01,0.000000000000000000e+00
3.159000000000000000e+03,-2.257811283818220160e-01,0.000000000000000000e+00
3.160000000000000000e+03,-3.254846776408241160e-01,0.000000000000000000e+00
3.161000000000000000e+03,-9.078189285622635663e-02,0.000000000000000000e+00
3.162000000000000000e+03,-1.169749340993657925e-02,0.000000000000000000e+00
3.163000000000000000e+03,-2.093771025605514202e-01,0.000000000000000000e+00
3.164000000000000000e+03,2.020698213878222849e-01,0.000000000000000000e+00
3.165000000000000000e+03,-2.163814534408927195e-02,0.000000000000000000e+00
3.166000000000000000e+03,1.074056421438918801e-01,0.000000000000000000e+00
3.167000000000000000e+03,1.808840394383936720e-02,0.000000000000000000e+00
3.168000000000000000e+03,2.887700282197502161e-02,0.000000000000000000e+00
3.169000000000000000e+03,1.177381015341220777e-01,0.000000000000000000e+00
3.170000000000000000e+03,-6.159364881361192173e-02,0.000000000000000000e+00
3.171000000000000000e+03,2.627163808853561974e-02,0.000000000000000000e+00
3.172000000000000000e+03,1.788211648327627801e-01,0.000000000000000000e+00
3.173000000000000000e+03,1.213106433077252612e-02,0.000000000000000000e+00
3.174000000000000000e+03,9.445215902296959232e-02,0.000000000000000000e+00
3.175000000000000000e+03,2.663431272334002963e-03,0.000000000000000000e+00
3.176000000000000000e+03,3.961595776298592053e-01,0.000000000000000000e+00
3.177000000000000000e+03,1.196398244533390942e-01,0.000000000000000000e+00
3.178000000000000000e+03,7.090361852097646356e-01,0.000000000000000000e+00
3.179000000000000000e+03,5.263662878136250445e-01,0.000000000000000000e+00
3.180000000000000000e+03,5.858946503898934122e-01,0.000000000000000000e+00
3.181000000000000000e+03,-4.379665323277260880e-01,0.000000000000000000e+00
3.182000000000000000e+03,3.267614000313348588e-02,0.000000000000000000e+00
3.183000000000000000e+03,-4.824888311182213840e-01,0.000000000000000000e+00
3.184000000000000000e+03,2.098797018881922161e-01,0.000000000000000000e+00
3.185000000000000000e+03,-6.100647440203385008e-01,0.000000000000000000e+00
3.186000000000000000e+03,2.752214806970681771e+00,0.000000000000000000e+00
3.187000000000000000e+03,5.023909873407954585e+00,0.000000000000000000e+00
3.188000000000000000e+03,-2.875231698776704370e+00,1.000000000000000000e+00
3.189000000000000000e+03,-7.579254111642940162e-01,0.000000000000000000e+00
3.190000000000000000e+03,-1.159874349005692862e+00,0.000000000000000000e+00
3.191000000000000000e+03,-3.623633138958278765e-01,0.000000000000000000e+00
3.192000000000000000e+03,-8.815814397693698679e-01,0.000000000000000000e+00
3.193000000000000000e+03,-2.113225199907181606e-01,0.000000000000000000e+00
3.194000000000000000e+03,-4.796427792106864318e-01,0.000000000000000000e+00
3.195000000000000000e+03,-2.532203272204152089e-01,0.000000000000000000e+00
3.196000000000000000e+03,-3.260154653502078115e-01,0.000000000000000000e+00
3.197000000000000000e+03,-3.986214625667296174e-02,0.000000000000000000e+00
3.198000000000000000e+03,-1.722474202826499712e-01,0.000000000000000000e+00
3.199000000000000000e+03,1.892583789499573954e-01,0.000000000000000000e+00
3.200000000000000000e+03,6.891569930912734565e-02,0.000000000000000000e+00
3.201000000000000000e+03,3.651573799513080365e-01,0.000000000000000000e+00
3.202000000000000000e+03,2.290747872904932980e-01,0.000000000000000000e+00
3.203000000000000000e+03,3.870135277673795171e-01,0.000000000000000000e+00
3.204000000000000000e+03,3.762945025215194694e-02,0.000000000000000000e+00
3.205000000000000000e+03,-3.295059322150328124e-02,0.000000000000000000e+00
3.206000000000000000e+03,-3.641660363553080315e-01,0.000000000000000000e+00
3.207000000000000000e+03,-1.821540235320485701e-01,0.000000000000000000e+00
3.208000000000000000e+03,-4.938932872179265243e-01,0.000000000000000000e+00
3.209000000000000000e+03,-1.094597744751886897e-01,0.000000000000000000e+00
3.210000000000000000e+03,-1.280564943018395463e-01,0.000000000000000000e+00
3.211000000000000000e+03,-2.056202079923453441e-01,0.000000000000000000e+00
3.212000000000000000e+03,-3.196092475315494008e-01,0.000000000000000000e+00
3.213000000000000000e+03,-1.501075538228739403e-01,0.000000000000000000e+00
3.214000000000000000e+03,-2.711407761051813914e-01,0.000000000000000000e+00
3.215000000000000000e+03,4.048356085286310591e-04,0.000000000000000000e+00
3.216000000000000000e+03,1.529461135662471202e-02,0.000000000000000000e+00
3.217000000000000000e+03,-4.147201578572762282e-02,0.000000000000000000e+00
3.218000000000000000e+03,1.576742463271512684e-01,0.000000000000000000e+00
3.219000000000000000e+03,-1.861039938950464767e-01,0.000000000000000000e+00
3.220000000000000000e+03,1.020101030823791083e-02,0.000000000000000000e+00
3.221000000000000000e+03,1.708156165944330340e-01,0.000000000000000000e+00
3.222000000000000000e+03,4.693738793460863756e-02,0.000000000000000000e+00
3.223000000000000000e+03,1.498565562500288884e-01,0.000000000000000000e+00
3.224000000000000000e+03,-8.828320537271951152e-02,0.000000000000000000e+00
3.225000000000000000e+03,1.236531094112056778e-01,0.000000000000000000e+00
3.226000000000000000e+03,1.294894067654328851e-01,0.000000000000000000e+00
3.227000000000000000e+03,5.681679689599167943e-02,0.000000000000000000e+00
3.228000000000000000e+03,2.569815160971501422e-01,0.000000000000000000e+00
3.229000000000000000e+03,3.253289612769689199e-01,0.000000000000000000e+00
3.230000000000000000e+03,5.837233548038008868e-01,0.000000000000000000e+00
3.231000000000000000e+03,4.941551871589933698e-01,0.000000000000000000e+00
3.232000000000000000e+03,4.932104418172418847e-01,0.000000000000000000e+00
3.233000000000000000e+03,-5.367875083802783331e-01,0.000000000000000000e+00
3.234000000000000000e+03,2.117004465804702557e-02,0.000000000000000000e+00
3.235000000000000000e+03,-6.155363865077295715e-01,0.000000000000000000e+00
3.236000000000000000e+03,1.599234318901939234e-01,0.000000000000000000e+00
3.237000000000000000e+03,-7.931821272481881513e-01,0.000000000000000000e+00
3.238000000000000000e+03,3.736321459481614760e+00,0.000000000000000000e+00
3.239000000000000000e+03,3.862341273506111783e+00,0.000000000000000000e+00
3.240000000000000000e+03,-3.556363761909110632e+00,1.000000000000000000e+00
3.241000000000000000e+03,-4.200856925041756007e-01,0.000000000000000000e+00
3.242000000000000000e+03,-1.338605495189626016e+00,0.000000000000000000e+00
3.243000000000000000e+03,-3.206164046443736870e-01,0.000000000000000000e+00
3.244000000000000000e+03,-8.219566875406573159e-01,0.000000000000000000e+00
3.245000000000000000e+03,-2.341657733248662387e-01,0.000000000000000000e+00
3.246000000000000000e+03,-8.019921488997743264e-01,0.000000000000000000e+00
3.247000000000000000e+03,-1.358016100494912615e-01,0.000000000000000000e+00
3.248000000000000000e+03,-6.158702899877569470e-01,0.000000000000000000e+00
3.249000000000000000e+03,3.303469022766530178e-02,0.000000000000000000e+00
3.250000000000000000e+03,-3.538776605423639698e-01,0.000000000000000000e+00
3.251000000000000000e+03,1.069505241117444383e-01,0.000000000000000000e+00
3.252000000000000000e+03,-9.528480953199536252e-02,0.000000000000000000e+00
3.253000000000000000e+03,1.462514621028860318e-01,0.000000000000000000e+00
3.254000000000000000e+03,1.175176649970342269e-01,0.000000000000000000e+00
3.255000000000000000e+03,4.593753049038635239e-01,0.000000000000000000e+00
3.256000000000000000e+03,-2.769664475524962755e-01,0.000000000000000000e+00
3.257000000000000000e+03,-1.631597312145268708e-01,0.000000000000000000e+00
3.258000000000000000e+03,-2.946340404266550861e-01,0.000000000000000000e+00
3.259000000000000000e+03,-1.534627984701085746e-01,0.000000000000000000e+00
3.260000000000000000e+03,-4.397111152461921080e-01,0.000000000000000000e+00
3.261000000000000000e+03,-5.010865824354421294e-02,0.000000000000000000e+00
3.262000000000000000e+03,-4.765195071358574452e-01,0.000000000000000000e+00
3.263000000000000000e+03,-1.469065788561467190e-01,0.000000000000000000e+00
3.264000000000000000e+03,-1.079667565977226046e-01,0.000000000000000000e+00
3.265000000000000000e+03,-1.020797399937504735e-01,0.000000000000000000e+00
3.266000000000000000e+03,-1.861864180810853253e-01,0.000000000000000000e+00
3.267000000000000000e+03,1.667850840257383283e-01,0.000000000000000000e+00
3.268000000000000000e+03,-1.252130738046716187e-02,0.000000000000000000e+00
3.269000000000000000e+03,1.326912777023463996e-01,0.000000000000000000e+00
3.270000000000000000e+03,-5.236551254096071667e-02,0.000000000000000000e+00
3.271000000000000000e+03,8.016922568983874883e-03,0.000000000000000000e+00
3.272000000000000000e+03,-1.207186266329163676e-01,0.000000000000000000e+00
3.273000000000000000e+03,3.035882593625803261e-01,0.000000000000000000e+00
3.274000000000000000e+03,-1.554945718130182689e-02,0.000000000000000000e+00
3.275000000000000000e+03,1.217556278433125500e-01,0.000000000000000000e+00
3.276000000000000000e+03,-1.997492473844373825e-02,0.000000000000000000e+00
3.277000000000000000e+03,1.810053476713124332e-01,0.000000000000000000e+00
3.278000000000000000e+03,3.645623771374034150e-01,0.000000000000000000e+00
3.279000000000000000e+03,8.410527163374120763e-02,0.000000000000000000e+00
3.280000000000000000e+03,4.120753900760139588e-01,0.000000000000000000e+00
3.281000000000000000e+03,5.959693447918200659e-01,0.000000000000000000e+00
3.282000000000000000e+03,4.120812349989694257e-01,0.000000000000000000e+00
3.283000000000000000e+03,-2.925897750717524892e-01,0.000000000000000000e+00
3.284000000000000000e+03,-9.297284803360207628e-02,0.000000000000000000e+00
3.285000000000000000e+03,-4.037258603368849008e-01,0.000000000000000000e+00
3.286000000000000000e+03,-5.142280886273695173e-02,0.000000000000000000e+00
3.287000000000000000e+03,-2.634816201124018931e-01,0.000000000000000000e+00
3.288000000000000000e+03,2.125403160427455695e+00,0.000000000000000000e+00
3.289000000000000000e+03,5.175198799702144470e+00,0.000000000000000000e+00
3.290000000000000000e+03,-3.012490645200879946e+00,1.000000000000000000e+00
3.291000000000000000e+03,-1.063887218016938307e+00,0.000000000000000000e+00
3.292000000000000000e+03,-8.916047543241621964e-01,0.000000000000000000e+00
3.293000000000000000e+03,-4.074164755685628636e-01,0.000000000000000000e+00
3.294000000000000000e+03,-5.130021527770348699e-01,0.000000000000000000e+00
3.295000000000000000e+03,-1.972755172124048273e-01,0.000000000000000000e+00
3.296000000000000000e+03,-3.994257456708524279e-01,0.000000000000000000e+00
3.297000000000000000e+03,7.656944347161431796e-02,0.000000000000000000e+00
3.298000000000000000e+03,-3.063501603773865489e-01,0.000000000000000000e+00
3.299000000000000000e+03,1.043811600353920371e-01,0.000000000000000000e+00
3.300000000000000000e+03,-2.325669530769306770e-01,0.000000000000000000e+00
3.301000000000000000e+03,8.674560293424750379e-02,0.000000000000000000e+00
3.302000000000000000e+03,2.654086111464439707e-02,0.000000000000000000e+00
3.303000000000000000e+03,3.744906546128724534e-01,0.000000000000000000e+00
3.304000000000000000e+03,1.652445450131412308e-01,0.000000000000000000e+00
3.305000000000000000e+03,3.540291817225049709e-01,0.000000000000000000e+00
3.306000000000000000e+03,1.371477526245899747e-01,0.000000000000000000e+00
3.307000000000000000e+03,-2.085720910893451296e-01,0.000000000000000000e+00
3.308000000000000000e+03,-1.615592329588083631e-01,0.000000000000000000e+00
3.309000000000000000e+03,-3.184563867873987930e-01,0.000000000000000000e+00
3.310000000000000000e+03,-2.270235155111740566e-01,0.000000000000000000e+00
3.311000000000000000e+03,-1.211191938430940113e-01,0.000000000000000000e+00
3.312000000000000000e+03,-2.322226888476518203e-01,0.000000000000000000e+00
3.313000000000000000e+03,-7.402106653055287588e-02,0.000000000000000000e+00
3.314000000000000000e+03,-1.414383888003484524e-01,0.000000000000000000e+00
3.315000000000000000e+03,-1.125212761753333762e-01,0.000000000000000000e+00
3.316000000000000000e+03,-4.201865996086132787e-02,0.000000000000000000e+00
3.317000000000000000e+03,8.535920463895103893e-02,0.000000000000000000e+00
3.318000000000000000e+03,5.016504032789153439e-02,0.000000000000000000e+00
3.319000000000000000e+03,1.370715484708564802e-01,0.000000000000000000e+00
3.320000000000000000e+03,6.911507334889260834e-02,0.000000000000000000e+00
3.321000000000000000e+03,1.337509497437858741e-01,0.000000000000000000e+00
3.322000000000000000e+03,6.075358252062065811e-02,0.000000000000000000e+00
3.323000000000000000e+03,5.441314438859672087e-02,0.000000000000000000e+00
3.324000000000000000e+03,1.414082729905750679e-01,0.000000000000000000e+00
3.325000000000000000e+03,2.170986378897846736e-01,0.000000000000000000e+00
3.326000000000000000e+03,-3.803130578752279140e-02,0.000000000000000000e+00
3.327000000000000000e+03,2.901003251064533939e-01,0.000000000000000000e+00
3.328000000000000000e+03,2.412390284732237322e-01,0.000000000000000000e+00
3.329000000000000000e+03,2.547220243633943060e-01,0.000000000000000000e+00
3.330000000000000000e+03,5.092028971465729636e-01,0.000000000000000000e+00
3.331000000000000000e+03,5.930943375752293356e-01,0.000000000000000000e+00
3.332000000000000000e+03,3.356880978924130510e-01,0.000000000000000000e+00
3.333000000000000000e+03,-3.882612299848983706e-01,0.000000000000000000e+00
3.334000000000000000e+03,-1.417580172140033012e-01,0.000000000000000000e+00
3.335000000000000000e+03,-3.418987379909607105e-01,0.000000000000000000e+00
3.336000000000000000e+03,8.304264362733762561e-02,0.000000000000000000e+00
3.337000000000000000e+03,-4.740705519953384295e-01,0.000000000000000000e+00
3.338000000000000000e+03,2.529227145465934079e+00,0.000000000000000000e+00
3.339000000000000000e+03,4.555012587052453377e+00,0.000000000000000000e+00
3.340000000000000000e+03,-3.451806214130876072e+00,1.000000000000000000e+00
3.341000000000000000e+03,-5.311396202962024304e-01,0.000000000000000000e+00
3.342000000000000000e+03,-1.174517052373721615e+00,0.000000000000000000e+00
3.343000000000000000e+03,-2.499000480510897293e-01,0.000000000000000000e+00
3.344000000000000000e+03,-8.527158893403777862e-01,0.000000000000000000e+00
3.345000000000000000e+03,-5.533002695035215551e-02,0.000000000000000000e+00
3.346000000000000000e+03,-5.812708991283462856e-01,0.000000000000000000e+00
3.347000000000000000e+03,2.378464379735556189e-01,0.000000000000000000e+00
3.348000000000000000e+03,-4.490114909919249442e-01,0.000000000000000000e+00
3.349000000000000000e+03,1.573669813982137844e-01,0.000000000000000000e+00
3.350000000000000000e+03,-1.745953311136455299e-01,0.000000000000000000e+00
3.351000000000000000e+03,2.330023500766233435e-01,0.000000000000000000e+00
3.352000000000000000e+03,-4.955191647898795487e-02,0.000000000000000000e+00
3.353000000000000000e+03,4.251255920327797200e-01,0.000000000000000000e+00
3.354000000000000000e+03,1.574324039255272645e-01,0.000000000000000000e+00
3.355000000000000000e+03,4.924840998096026157e-01,0.000000000000000000e+00
3.356000000000000000e+03,-7.356581699397043983e-02,0.000000000000000000e+00
3.357000000000000000e+03,4.476620633255457352e-03,0.000000000000000000e+00
3.358000000000000000e+03,-4.681002475210615521e-01,0.000000000000000000e+00
3.359000000000000000e+03,-7.110220937411376729e-02,0.000000000000000000e+00
3.360000000000000000e+03,-6.306452354706325591e-01,0.000000000000000000e+00
3.361000000000000000e+03,-2.420340933770228353e-01,0.000000000000000000e+00
3.362000000000000000e+03,-3.345427364965587458e-01,0.000000000000000000e+00
3.363000000000000000e+03,-2.637646077452250881e-01,0.000000000000000000e+00
3.364000000000000000e+03,-4.655259620249533326e-01,0.000000000000000000e+00
3.365000000000000000e+03,-7.944184074919161120e-02,0.000000000000000000e+00
3.366000000000000000e+03,-4.140167350080025677e-01,0.000000000000000000e+00
3.367000000000000000e+03,8.411515096170663064e-02,0.000000000000000000e+00
3.368000000000000000e+03,-3.183463931899758181e-01,0.000000000000000000e+00
3.369000000000000000e+03,7.543317988163017462e-02,0.000000000000000000e+00
3.370000000000000000e+03,-1.728875870465728937e-01,0.000000000000000000e+00
3.371000000000000000e+03,1.743680821271268444e-01,0.000000000000000000e+00
3.372000000000000000e+03,-1.260590938772722658e-01,0.000000000000000000e+00
3.373000000000000000e+03,1.299548251060408111e-01,0.000000000000000000e+00
3.374000000000000000e+03,-6.931487250844024783e-02,0.000000000000000000e+00
3.375000000000000000e+03,3.376915337331090061e-01,0.000000000000000000e+00
3.376000000000000000e+03,-3.402786136000285899e-01,0.000000000000000000e+00
3.377000000000000000e+03,2.960950570169763596e-01,0.000000000000000000e+00
3.378000000000000000e+03,-1.189893701354649280e-01,0.000000000000000000e+00
3.379000000000000000e+03,3.546049483860904128e-01,0.000000000000000000e+00
3.380000000000000000e+03,1.677550710308408910e-01,0.000000000000000000e+00
3.381000000000000000e+03,6.079370973032294234e-01,0.000000000000000000e+00
3.382000000000000000e+03,3.404718582065290322e-01,0.000000000000000000e+00
3.383000000000000000e+03,3.172712374723188899e-01,0.000000000000000000e+00
3.384000000000000000e+03,-5.826563736875466359e-01,0.000000000000000000e+00
3.385000000000000000e+03,1.588178144885138421e-01,0.000000000000000000e+00
3.386000000000000000e+03,-7.618418823008583640e-01,0.000000000000000000e+00
3.387000000000000000e+03,3.990333087208122187e-01,0.000000000000000000e+00
3.388000000000000000e+03,-4.780006354647465261e-01,0.000000000000000000e+00
3.389000000000000000e+03,5.785590167832518560e+00,0.000000000000000000e+00
3.390000000000000000e+03,4.106629165026695616e-01,1.000000000000000000e+00
3.391000000000000000e+03,-2.662744393640232410e+00,0.000000000000000000e+00
3.392000000000000000e+03,-4.845853781482962752e-01,0.000000000000000000e+00
3.393000000000000000e+03,-1.156844060528151585e+00,0.000000000000000000e+00
3.394000000000000000e+03,-4.622209490391847031e-01,0.000000000000000000e+00
3.395000000000000000e+03,-7.684887569637739446e-01,0.000000000000000000e+00
3.396000000000000000e+03,-3.834513297049562675e-01,0.000000000000000000e+00
3.397000000000000000e+03,-5.012658114229515682e-01,0.000000000000000000e+00
3.398000000000000000e+03,-1.910932146585899716e-01,0.000000000000000000e+00
3.399000000000000000e+03,-3.968352802249887068e-01,0.000000000000000000e+00
3.400000000000000000e+03,-1.232498196957522996e-01,0.000000000000000000e+00
3.401000000000000000e+03,-1.637366713388641037e-01,0.000000000000000000e+00
3.402000000000000000e+03,5.571650571964374687e-02,0.000000000000000000e+00
3.403000000000000000e+03,6.397886190978104015e-02,0.000000000000000000e+00
3.404000000000000000e+03,2.696257630782301074e-01,0.000000000000000000e+00
3.405000000000000000e+03,2.047661546283892908e-01,0.000000000000000000e+00
3.406000000000000000e+03,3.023190254335830773e-02,0.000000000000000000e+00
3.407000000000000000e+03,1.833026514583970257e-01,0.000000000000000000e+00
3.408000000000000000e+03,-1.583486615419362198e-01,0.000000000000000000e+00
3.409000000000000000e+03,-1.114699899383926468e-01,0.000000000000000000e+00
3.410000000000000000e+03,-1.891825612738533280e-01,0.000000000000000000e+00
3.411000000000000000e+03,-2.155594319506181911e-01,0.000000000000000000e+00
3.412000000000000000e+03,-1.326555594188789378e-01,0.000000000000000000e+00
3.413000000000000000e+03,-8.370198629107459404e-03,0.000000000000000000e+00
3.414000000000000000e+03,-1.859891101668572633e-01,0.000000000000000000e+00
3.415000000000000000e+03,4.677663231750520123e-02,0.000000000000000000e+00
3.416000000000000000e+03,-7.502494387078033344e-02,0.000000000000000000e+00
3.417000000000000000e+03,8.001557716967279410e-02,0.000000000000000000e+00
3.418000000000000000e+03,9.144921336329799033e-02,0.000000000000000000e+00
3.419000000000000000e+03,2.862724790812502529e-01,0.000000000000000000e+00
3.420000000000000000e+03,1.316617165719768667e-01,0.000000000000000000e+00
3.421000000000000000e+03,2.798877786348635821e-01,0.000000000000000000e+00
3.422000000000000000e+03,1.206048847966147419e-01,0.000000000000000000e+00
3.423000000000000000e+03,2.006151859057942466e-01,0.000000000000000000e+00
3.424000000000000000e+03,1.337543207768001896e-01,0.000000000000000000e+00
3.425000000000000000e+03,2.621619022595425563e-01,0.000000000000000000e+00
3.426000000000000000e+03,-7.766504743451124737e-02,0.000000000000000000e+00
3.427000000000000000e+03,1.243158252197964636e-01,0.000000000000000000e+00
3.428000000000000000e+03,4.141226004867024774e-02,0.000000000000000000e+00
3.429000000000000000e+03,2.083440356962770745e-01,0.000000000000000000e+00
3.430000000000000000e+03,6.443808094626747585e-02,0.000000000000000000e+00
3.431000000000000000e+03,4.304691285589807292e-01,0.000000000000000000e+00
3.432000000000000000e+03,2.821652030301051162e-01,0.000000000000000000e+00
3.433000000000000000e+03,5.818400793222651135e-01,0.000000000000000000e+00
3.434000000000000000e+03,3.422341646512135904e-01,0.000000000000000000e+00
3.435000000000000000e+03,9.841079307119576791e-02,0.000000000000000000e+00
3.436000000000000000e+03,-5.346820742745324040e-01,0.000000000000000000e+00
3.437000000000000000e+03,-7.235979983260729109e-02,0.000000000000000000e+00
3.438000000000000000e+03,-3.738578285011738833e-01,0.000000000000000000e+00
3.439000000000000000e+03,-2.560374241040727639e-02,0.000000000000000000e+00
3.440000000000000000e+03,7.383499398684021386e-01,0.000000000000000000e+00
3.441000000000000000e+03,6.211641699715337417e+00,0.000000000000000000e+00
3.442000000000000000e+03,-1.649299443621027983e+00,1.000000000000000000e+00
3.443000000000000000e+03,-1.789648841901294585e+00,0.000000000000000000e+00
3.444000000000000000e+03,-7.041659822832330162e-01,0.000000000000000000e+00
3.445000000000000000e+03,-7.939563998100811482e-01,0.000000000000000000e+00
3.446000000000000000e+03,-4.621045635488694736e-01,0.000000000000000000e+00
3.447000000000000000e+03,-3.870033776498555400e-01,0.000000000000000000e+00
3.448000000000000000e+03,-5.321652848909184108e-01,0.000000000000000000e+00
3.449000000000000000e+03,-3.021244545074940335e-01,0.000000000000000000e+00
3.450000000000000000e+03,-2.728587717933851908e-01,0.000000000000000000e+00
3.451000000000000000e+03,-9.511889979248097649e-02,0.000000000000000000e+00
3.452000000000000000e+03,-2.939899329311255194e-01,0.000000000000000000e+00
3.453000000000000000e+03,7.129833644147093308e-02,0.000000000000000000e+00
3.454000000000000000e+03,-8.239433322401516768e-02,0.000000000000000000e+00
3.455000000000000000e+03,2.766266400902478440e-01,0.000000000000000000e+00
3.456000000000000000e+03,9.952457348632300083e-02,0.000000000000000000e+00
3.457000000000000000e+03,2.243227209524280841e-01,0.000000000000000000e+00
3.458000000000000000e+03,1.138815499087434263e-01,0.000000000000000000e+00
3.459000000000000000e+03,-2.968513751394984829e-02,0.000000000000000000e+00
3.460000000000000000e+03,-4.858370121733750491e-01,0.000000000000000000e+00
3.461000000000000000e+03,-3.965227773079558204e-01,0.000000000000000000e+00
3.462000000000000000e+03,-2.776966158453618716e-01,0.000000000000000000e+00
3.463000000000000000e+03,-2.024993603849084278e-01,0.000000000000000000e+00
3.464000000000000000e+03,-4.228617706413807520e-01,0.000000000000000000e+00
3.465000000000000000e+03,-2.419682719653418190e-01,0.000000000000000000e+00
3.466000000000000000e+03,-3.385097582641489744e-01,0.000000000000000000e+00
3.467000000000000000e+03,-2.878038928147457209e-01,0.000000000000000000e+00
3.468000000000000000e+03,-1.297854229479595556e-01,0.000000000000000000e+00
3.469000000000000000e+03,9.946457032628773509e-03,0.000000000000000000e+00
3.470000000000000000e+03,-1.643474975345297906e-01,0.000000000000000000e+00
3.471000000000000000e+03,8.550684446501276292e-02,0.000000000000000000e+00
3.472000000000000000e+03,-1.419242084605483456e-01,0.000000000000000000e+00
3.473000000000000000e+03,5.132589169613968605e-02,0.000000000000000000e+00
3.474000000000000000e+03,-1.073644652402041960e-01,0.000000000000000000e+00
3.475000000000000000e+03,7.255059757235335360e-02,0.000000000000000000e+00
3.476000000000000000e+03,-7.480378413643244684e-02,0.000000000000000000e+00
3.477000000000000000e+03,2.108888400807490682e-01,0.000000000000000000e+00
3.478000000000000000e+03,-9.134947636389775805e-02,0.000000000000000000e+00
3.479000000000000000e+03,1.906409912388508376e-01,0.000000000000000000e+00
3.480000000000000000e+03,-1.226202238031556396e-01,0.000000000000000000e+00
3.481000000000000000e+03,4.748365432820195187e-01,0.000000000000000000e+00
3.482000000000000000e+03,2.094592149939101811e-01,0.000000000000000000e+00
3.483000000000000000e+03,8.309166755830159623e-01,0.000000000000000000e+00
3.484000000000000000e+03,2.013087499976271566e-01,0.000000000000000000e+00
3.485000000000000000e+03,2.448954125973508977e-01,0.000000000000000000e+00
3.486000000000000000e+03,-4.916320148468056317e-01,0.000000000000000000e+00
3.487000000000000000e+03,1.128514315372007581e-01,0.000000000000000000e+00
3.488000000000000000e+03,-7.576657942056296280e-01,0.000000000000000000e+00
3.489000000000000000e+03,6.551562135426528544e-01,0.000000000000000000e+00
3.490000000000000000e+03,-4.723076442599248304e-01,0.000000000000000000e+00
3.491000000000000000e+03,5.710908944604651261e+00,0.000000000000000000e+00
3.492000000000000000e+03,2.725504808565720749e-01,1.000000000000000000e+00
3.493000000000000000e+03,-2.952374293825845708e+00,0.000000000000000000e+00
3.494000000000000000e+03,-2.500239768080759206e-01,0.000000000000000000e+00
3.495000000000000000e+03,-1.138384655410183743e+00,0.000000000000000000e+00
3.496000000000000000e+03,6.111329915011428152e-03,0.000000000000000000e+00
3.497000000000000000e+03,-7.377738706472543040e-01,0.000000000000000000e+00
3.498000000000000000e+03,-4.898965875255602287e-02,0.000000000000000000e+00
3.499000000000000000e+03,-4.676288850372788963e-01,0.000000000000000000e+00
3.500000000000000000e+03,2.402282254405327389e-02,0.000000000000000000e+00
3.501000000000000000e+03,-2.250864517508478491e-01,0.000000000000000000e+00
3.502000000000000000e+03,7.876706974006535134e-02,0.000000000000000000e+00
3.503000000000000000e+03,-7.750906775018802375e-02,0.000000000000000000e+00
3.504000000000000000e+03,3.565566647147559443e-01,0.000000000000000000e+00
3.505000000000000000e+03,3.088325951374037981e-01,0.000000000000000000e+00
3.506000000000000000e+03,1.769995295751264908e-01,0.000000000000000000e+00
3.507000000000000000e+03,3.151669780711144342e-01,0.000000000000000000e+00
3.508000000000000000e+03,1.059232801644104938e-01,0.000000000000000000e+00
3.509000000000000000e+03,-1.204105412850253048e-02,0.000000000000000000e+00
3.510000000000000000e+03,-1.642686193596112620e-01,0.000000000000000000e+00
3.511000000000000000e+03,-2.925264961463004965e-01,0.000000000000000000e+00
3.512000000000000000e+03,-3.033776051955152098e-01,0.000000000000000000e+00
3.513000000000000000e+03,-2.872715125612271825e-01,0.000000000000000000e+00
3.514000000000000000e+03,-3.801035094654708346e-01,0.000000000000000000e+00
3.515000000000000000e+03,-2.788290081123470099e-01,0.000000000000000000e+00
3.516000000000000000e+03,-2.905328096829725704e-01,0.000000000000000000e+00
3.517000000000000000e+03,-1.378214719035958380e-01,0.000000000000000000e+00
3.518000000000000000e+03,-2.253011896511593060e-01,0.000000000000000000e+00
3.519000000000000000e+03,3.010986691481390420e-02,0.000000000000000000e+00
3.520000000000000000e+03,-2.214196756164449886e-01,0.000000000000000000e+00
3.521000000000000000e+03,1.315939947481241656e-01,0.000000000000000000e+00
3.522000000000000000e+03,-4.876399574525767944e-02,0.000000000000000000e+00
3.523000000000000000e+03,-1.972925338080442140e-02,0.000000000000000000e+00
3.524000000000000000e+03,-1.280026504503650742e-01,0.000000000000000000e+00
3.525000000000000000e+03,1.107674131346387224e-03,0.000000000000000000e+00
3.526000000000000000e+03,2.518476121370485238e-02,0.000000000000000000e+00
3.527000000000000000e+03,1.323080357781447787e-02,0.000000000000000000e+00
3.528000000000000000e+03,-1.051152849924653215e-02,0.000000000000000000e+00
3.529000000000000000e+03,2.638533816606773441e-01,0.000000000000000000e+00
3.530000000000000000e+03,3.194874602044632250e-01,0.000000000000000000e+00
3.531000000000000000e+03,5.026160522663374319e-01,0.000000000000000000e+00
3.532000000000000000e+03,3.276074336677530785e-01,0.000000000000000000e+00
3.533000000000000000e+03,5.706967554801636311e-01,0.000000000000000000e+00
3.534000000000000000e+03,-4.021847710676770271e-01,0.000000000000000000e+00
3.535000000000000000e+03,-1.111905437911521466e-01,0.000000000000000000e+00
3.536000000000000000e+03,-4.669918928904613908e-01,0.000000000000000000e+00
3.537000000000000000e+03,5.282749485169964399e-02,0.000000000000000000e+00
3.538000000000000000e+03,-3.916441654442504583e-01,0.000000000000000000e+00
3.539000000000000000e+03,2.399238219575226871e+00,0.000000000000000000e+00
3.540000000000000000e+03,4.822595225379258999e+00,0.000000000000000000e+00
3.541000000000000000e+03,-3.386196774076338567e+00,1.000000000000000000e+00
3.542000000000000000e+03,-9.093422351949230764e-01,0.000000000000000000e+00
3.543000000000000000e+03,-8.104644529453416402e-01,0.000000000000000000e+00
3.544000000000000000e+03,-4.756762848324893600e-01,0.000000000000000000e+00
3.545000000000000000e+03,-3.902436677632127870e-01,0.000000000000000000e+00
3.546000000000000000e+03,-2.967697505217234966e-01,0.000000000000000000e+00
3.547000000000000000e+03,-3.011443003404516983e-01,0.000000000000000000e+00
3.548000000000000000e+03,-2.082147824676181258e-01,0.000000000000000000e+00
3.549000000000000000e+03,-9.134736767632842258e-02,0.000000000000000000e+00
3.550000000000000000e+03,-1.409270245038103109e-01,0.000000000000000000e+00
3.551000000000000000e+03,-4.437097408466500470e-02,0.000000000000000000e+00
3.552000000000000000e+03,9.627335926165967589e-03,0.000000000000000000e+00
3.553000000000000000e+03,2.583507058291127922e-01,0.000000000000000000e+00
3.554000000000000000e+03,2.045633493520179758e-01,0.000000000000000000e+00
3.555000000000000000e+03,3.208446832276546923e-01,0.000000000000000000e+00
3.556000000000000000e+03,2.635900308654286484e-01,0.000000000000000000e+00
3.557000000000000000e+03,1.169910521163015082e-01,0.000000000000000000e+00
3.558000000000000000e+03,-1.550703599735382965e-01,0.000000000000000000e+00
3.559000000000000000e+03,-2.162912870777808638e-01,0.000000000000000000e+00
3.560000000000000000e+03,-2.705048358335512271e-01,0.000000000000000000e+00
3.561000000000000000e+03,-3.643636764171632736e-01,0.000000000000000000e+00
3.562000000000000000e+03,-2.576725969047840015e-01,0.000000000000000000e+00
3.563000000000000000e+03,-1.291770725346828297e-01,0.000000000000000000e+00
3.564000000000000000e+03,-3.273150842760549906e-01,0.000000000000000000e+00
3.565000000000000000e+03,4.080209369107505590e-02,0.000000000000000000e+00
3.566000000000000000e+03,-2.201748423990239623e-01,0.000000000000000000e+00
3.567000000000000000e+03,-8.463950574074263419e-03,0.000000000000000000e+00
3.568000000000000000e+03,8.655330271334053457e-03,0.000000000000000000e+00
3.569000000000000000e+03,1.149308622157776821e-01,0.000000000000000000e+00
3.570000000000000000e+03,1.090073676079219706e-01,0.000000000000000000e+00
3.571000000000000000e+03,1.219725420826410778e-01,0.000000000000000000e+00
3.572000000000000000e+03,1.373228243782600722e-01,0.000000000000000000e+00
3.573000000000000000e+03,1.523610277599849738e-01,0.000000000000000000e+00
3.574000000000000000e+03,-2.886788629979228360e-02,0.000000000000000000e+00
3.575000000000000000e+03,2.573731323742749488e-01,0.000000000000000000e+00
3.576000000000000000e+03,-2.142350376019628300e-01,0.000000000000000000e+00
3.577000000000000000e+03,2.881180712941777133e-01,0.000000000000000000e+00
3.578000000000000000e+03,4.898730243961928188e-02,0.000000000000000000e+00
3.579000000000000000e+03,3.587445711532971093e-01,0.000000000000000000e+00
3.580000000000000000e+03,5.198383213284790000e-02,0.000000000000000000e+00
3.581000000000000000e+03,6.829711306609879129e-01,0.000000000000000000e+00
3.582000000000000000e+03,3.257167167319126588e-01,0.000000000000000000e+00
3.583000000000000000e+03,3.317217130323533159e-01,0.000000000000000000e+00
3.584000000000000000e+03,-4.881885169682869119e-01,0.000000000000000000e+00
3.585000000000000000e+03,4.031116569404149391e-02,0.000000000000000000e+00
3.586000000000000000e+03,-6.889209033744408961e-01,0.000000000000000000e+00
3.587000000000000000e+03,3.989716399649444467e-01,0.000000000000000000e+00
3.588000000000000000e+03,-7.198685441949079777e-01,0.000000000000000000e+00
3.589000000000000000e+03,5.034417213600034025e+00,0.000000000000000000e+00
3.590000000000000000e+03,1.639745642149816662e+00,1.000000000000000000e+00
3.591000000000000000e+03,-3.198828453612037936e+00,0.000000000000000000e+00
3.592000000000000000e+03,-2.266191417350023329e-01,0.000000000000000000e+00
3.593000000000000000e+03,-1.306255160214794042e+00,0.000000000000000000e+00
3.594000000000000000e+03,-2.937949158808385586e-01,0.000000000000000000e+00
3.595000000000000000e+03,-5.584779080999614509e-01,0.000000000000000000e+00
3.596000000000000000e+03,-2.430330926631730504e-01,0.000000000000000000e+00
3.597000000000000000e+03,-4.912619568902417688e-01,0.000000000000000000e+00
3.598000000000000000e+03,-2.096480647579088696e-01,0.000000000000000000e+00
3.599000000000000000e+03,-2.878017769480560317e-01,0.000000000000000000e+00
3.600000000000000000e+03,-2.167783458113735906e-01,0.000000000000000000e+00
3.601000000000000000e+03,-1.273157094435761749e-01,0.000000000000000000e+00
3.602000000000000000e+03,2.249203412343178388e-01,0.000000000000000000e+00
3.603000000000000000e+03,6.737085094551157130e-03,0.000000000000000000e+00
3.604000000000000000e+03,3.354251090335804708e-01,0.000000000000000000e+00
3.605000000000000000e+03,1.423508873867644908e-01,0.000000000000000000e+00
3.606000000000000000e+03,3.248116206359882296e-01,0.000000000000000000e+00
3.607000000000000000e+03,-1.183412722239639836e-01,0.000000000000000000e+00
3.608000000000000000e+03,4.730681494484616223e-02,0.000000000000000000e+00
3.609000000000000000e+03,-1.178245616055746126e-01,0.000000000000000000e+00
3.610000000000000000e+03,-1.885175239306096651e-01,0.000000000000000000e+00
3.611000000000000000e+03,-1.964327724041963208e-01,0.000000000000000000e+00
3.612000000000000000e+03,-2.265932932291325475e-01,0.000000000000000000e+00
3.613000000000000000e+03,-1.842514762389955152e-01,0.000000000000000000e+00
3.614000000000000000e+03,-1.148510441101434909e-01,0.000000000000000000e+00
3.615000000000000000e+03,-1.217517609420165764e-01,0.000000000000000000e+00
3.616000000000000000e+03,-5.028768055305147394e-02,0.000000000000000000e+00
3.617000000000000000e+03,5.345434053308895095e-02,0.000000000000000000e+00
3.618000000000000000e+03,5.182981170305702573e-02,0.000000000000000000e+00
3.619000000000000000e+03,1.225112557448190392e-01,0.000000000000000000e+00
3.620000000000000000e+03,2.636527148199805937e-01,0.000000000000000000e+00
3.621000000000000000e+03,-4.604746902906934475e-02,0.000000000000000000e+00
3.622000000000000000e+03,1.917279164271110670e-01,0.000000000000000000e+00
3.623000000000000000e+03,1.874387850543769996e-01,0.000000000000000000e+00
3.624000000000000000e+03,-1.526428478603929564e-02,0.000000000000000000e+00
3.625000000000000000e+03,1.715894031024526589e-01,0.000000000000000000e+00
3.626000000000000000e+03,3.819897986717710192e-02,0.000000000000000000e+00
3.627000000000000000e+03,7.655471045031794763e-02,0.000000000000000000e+00
3.628000000000000000e+03,1.464573587242992692e-01,0.000000000000000000e+00
3.629000000000000000e+03,1.859566155329401282e-01,0.000000000000000000e+00
3.630000000000000000e+03,3.834803029722303469e-01,0.000000000000000000e+00
3.631000000000000000e+03,2.568370066921619177e-01,0.000000000000000000e+00
3.632000000000000000e+03,4.868845716043319061e-01,0.000000000000000000e+00
3.633000000000000000e+03,4.782938926924447109e-01,0.000000000000000000e+00
3.634000000000000000e+03,-2.867257781510164083e-01,0.000000000000000000e+00
3.635000000000000000e+03,-8.930887640970036623e-02,0.000000000000000000e+00
3.636000000000000000e+03,-5.232204766775343519e-01,0.000000000000000000e+00
3.637000000000000000e+03,4.995561831847880607e-02,0.000000000000000000e+00
3.638000000000000000e+03,-4.925554674005550582e-01,0.000000000000000000e+00
3.639000000000000000e+03,2.522884228973480525e+00,0.000000000000000000e+00
3.640000000000000000e+03,5.132153472342057654e+00,0.000000000000000000e+00
3.641000000000000000e+03,-2.888712812112007366e+00,1.000000000000000000e+00
3.642000000000000000e+03,-9.422739225298125687e-01,0.000000000000000000e+00
3.643000000000000000e+03,-1.115141623494732004e+00,0.000000000000000000e+00
3.644000000000000000e+03,-6.097620991175116689e-01,0.000000000000000000e+00
3.645000000000000000e+03,-7.535376247497113100e-01,0.000000000000000000e+00
3.646000000000000000e+03,-3.896217455386844497e-01,0.000000000000000000e+00
3.647000000000000000e+03,-4.280006510420142352e-01,0.000000000000000000e+00
3.648000000000000000e+03,-1.828075458573503453e-01,0.000000000000000000e+00
3.649000000000000000e+03,-3.461336723936667137e-01,0.000000000000000000e+00
3.650000000000000000e+03,-1.356107378708981126e-01,0.000000000000000000e+00
3.651000000000000000e+03,-1.252514548038792253e-01,0.000000000000000000e+00
3.652000000000000000e+03,2.665748878058438881e-02,0.000000000000000000e+00
3.653000000000000000e+03,6.791668536552597502e-02,0.000000000000000000e+00
3.654000000000000000e+03,2.033442263837948738e-01,0.000000000000000000e+00
3.655000000000000000e+03,2.527665394388136089e-01,0.000000000000000000e+00
3.656000000000000000e+03,2.933977337196668755e-01,0.000000000000000000e+00
3.657000000000000000e+03,-7.025816254506139780e-02,0.000000000000000000e+00
3.658000000000000000e+03,-9.560285616114531926e-02,0.000000000000000000e+00
3.659000000000000000e+03,-3.516489581835836598e-01,0.000000000000000000e+00
3.660000000000000000e+03,-1.457293608499861115e-01,0.000000000000000000e+00
3.661000000000000000e+03,-4.127868104326624099e-01,0.000000000000000000e+00
3.662000000000000000e+03,-4.591888490889269314e-01,0.000000000000000000e+00
3.663000000000000000e+03,-2.923206562390086583e-01,0.000000000000000000e+00
3.664000000000000000e+03,-2.882455961183099657e-01,0.000000000000000000e+00
3.665000000000000000e+03,-3.503884499118472551e-01,0.000000000000000000e+00
3.666000000000000000e+03,-1.345922389034898137e-01,0.000000000000000000e+00
3.667000000000000000e+03,-1.738872230603161484e-01,0.000000000000000000e+00
3.668000000000000000e+03,-1.664231760943310490e-01,0.000000000000000000e+00
3.669000000000000000e+03,-3.367495064898271082e-03,0.000000000000000000e+00
3.670000000000000000e+03,6.149758427494367297e-02,0.000000000000000000e+00
3.671000000000000000e+03,-3.195012263107419731e-02,0.000000000000000000e+00
3.672000000000000000e+03,-1.927046103443957187e-02,0.000000000000000000e+00
3.673000000000000000e+03,1.785547555395864683e-01,0.000000000000000000e+00
3.674000000000000000e+03,1.609519567152168928e-01,0.000000000000000000e+00
3.675000000000000000e+03,6.428820118765612599e-04,0.000000000000000000e+00
3.676000000000000000e+03,7.831917197580806622e-02,0.000000000000000000e+00
3.677000000000000000e+03,1.082125171095314926e-02,0.000000000000000000e+00
3.678000000000000000e+03,2.364576112742830527e-02,0.000000000000000000e+00
3.679000000000000000e+03,3.871063568397893895e-01,0.000000000000000000e+00
3.680000000000000000e+03,3.115359836110301872e-01,0.000000000000000000e+00
3.681000000000000000e+03,5.111226482619000144e-01,0.000000000000000000e+00
3.682000000000000000e+03,5.495885451440035707e-01,0.000000000000000000e+00
3.683000000000000000e+03,4.387572158214424478e-01,0.000000000000000000e+00
3.684000000000000000e+03,-2.350197503056055404e-01,0.000000000000000000e+00
3.685000000000000000e+03,-1.605432916666651166e-01,0.000000000000000000e+00
3.686000000000000000e+03,-4.568614186732140592e-01,0.000000000000000000e+00
3.687000000000000000e+03,-3.768105270627513520e-02,0.000000000000000000e+00
3.688000000000000000e+03,-3.199580008253250507e-01,0.000000000000000000e+00
3.689000000000000000e+03,2.113651503876072368e+00,0.000000000000000000e+00
3.690000000000000000e+03,5.171416316150688530e+00,0.000000000000000000e+00
3.691000000000000000e+03,-3.130573840095156157e+00,1.000000000000000000e+00
3.692000000000000000e+03,-9.848148959068016017e-01,0.000000000000000000e+00
3.693000000000000000e+03,-9.951817456178411181e-01,0.000000000000000000e+00
3.694000000000000000e+03,-4.753263340363118594e-01,0.000000000000000000e+00
3.695000000000000000e+03,-7.461189741897265026e-01,0.000000000000000000e+00
3.696000000000000000e+03,-3.371876643747803159e-01,0.000000000000000000e+00
3.697000000000000000e+03,-6.113927715733261659e-01,0.000000000000000000e+00
3.698000000000000000e+03,-3.915612855580676704e-02,0.000000000000000000e+00
3.699000000000000000e+03,-4.641867929953533145e-01,0.000000000000000000e+00
3.700000000000000000e+03,-2.433989895032081519e-01,0.000000000000000000e+00
3.701000000000000000e+03,-2.267183584328712198e-01,0.000000000000000000e+00
3.702000000000000000e+03,4.324068277916640751e-02,0.000000000000000000e+00
3.703000000000000000e+03,1.518261595544448950e-01,0.000000000000000000e+00
3.704000000000000000e+03,3.866406085379143764e-01,0.000000000000000000e+00
3.705000000000000000e+03,4.996641277541537252e-02,0.000000000000000000e+00
3.706000000000000000e+03,2.739218074364107580e-01,0.000000000000000000e+00
3.707000000000000000e+03,-1.002404582662590748e-01,0.000000000000000000e+00
3.708000000000000000e+03,-9.752503111073028419e-02,0.000000000000000000e+00
3.709000000000000000e+03,-3.326592665821860306e-01,0.000000000000000000e+00
3.710000000000000000e+03,-1.870237892289308701e-01,0.000000000000000000e+00
3.711000000000000000e+03,-4.682839152177389330e-01,0.000000000000000000e+00
3.712000000000000000e+03,-1.847300669461150457e-01,0.000000000000000000e+00
3.713000000000000000e+03,-2.037765816961268350e-01,0.000000000000000000e+00
3.714000000000000000e+03,-1.625183444108072306e-01,0.000000000000000000e+00
3.715000000000000000e+03,-3.627157814294744709e-01,0.000000000000000000e+00
3.716000000000000000e+03,3.746647934818003040e-02,0.000000000000000000e+00
3.717000000000000000e+03,-9.635843417064869632e-02,0.000000000000000000e+00
3.718000000000000000e+03,1.852712655388026250e-02,0.000000000000000000e+00
3.719000000000000000e+03,-2.394287372362889979e-02,0.000000000000000000e+00
3.720000000000000000e+03,2.065865299596350846e-01,0.000000000000000000e+00
3.721000000000000000e+03,-9.912058714864091513e-02,0.000000000000000000e+00
3.722000000000000000e+03,-9.280553743440356218e-02,0.000000000000000000e+00
3.723000000000000000e+03,-1.065965761314443816e-01,0.000000000000000000e+00
3.724000000000000000e+03,2.857438283627829478e-01,0.000000000000000000e+00
3.725000000000000000e+03,-1.626116620682476199e-01,0.000000000000000000e+00
3.726000000000000000e+03,3.131139802302554398e-01,0.000000000000000000e+00
3.727000000000000000e+03,-8.199129733944461595e-02,0.000000000000000000e+00
3.728000000000000000e+03,3.358978427496769337e-01,0.000000000000000000e+00
3.729000000000000000e+03,5.368576380431394623e-02,0.000000000000000000e+00
3.730000000000000000e+03,7.373370733919030195e-01,0.000000000000000000e+00
3.731000000000000000e+03,1.968248501250371707e-01,0.000000000000000000e+00
3.732000000000000000e+03,2.798097916903111160e-01,0.000000000000000000e+00
3.733000000000000000e+03,-3.576042381321568597e-01,0.000000000000000000e+00
3.734000000000000000e+03,1.591998800105705048e-01,0.000000000000000000e+00
3.735000000000000000e+03,-5.472429056119936241e-01,0.000000000000000000e+00
3.736000000000000000e+03,3.972472095527337932e-01,0.000000000000000000e+00
3.737000000000000000e+03,-1.185752361219152423e-01,0.000000000000000000e+00
3.738000000000000000e+03,5.621152532954160286e+00,0.000000000000000000e+00
3.739000000000000000e+03,3.138988021390581307e-01,1.000000000000000000e+00
3.740000000000000000e+03,-2.899228408496646203e+00,0.000000000000000000e+00
3.741000000000000000e+03,-2.015191807407224756e-01,0.000000000000000000e+00
3.742000000000000000e+03,-9.368434587151369675e-01,0.000000000000000000e+00
3.743000000000000000e+03,-2.692020154784316999e-01,0.000000000000000000e+00
3.744000000000000000e+03,-6.064614111625427073e-01,0.000000000000000000e+00
3.745000000000000000e+03,-5.957252813373734024e-02,0.000000000000000000e+00
3.746000000000000000e+03,-4.333877558848678313e-01,0.000000000000000000e+00
3.747000000000000000e+03,6.789222184270944649e-02,0.000000000000000000e+00
3.748000000000000000e+03,-4.135905432625178735e-01,0.000000000000000000e+00
3.749000000000000000e+03,2.514456676168255918e-03,0.000000000000000000e+00
3.750000000000000000e+03,-1.555785010597202922e-01,0.000000000000000000e+00
3.751000000000000000e+03,1.977075350260259212e-01,0.000000000000000000e+00
3.752000000000000000e+03,1.575787887964886225e-01,0.000000000000000000e+00
3.753000000000000000e+03,4.354455282246366132e-01,0.000000000000000000e+00
3.754000000000000000e+03,2.146074237547328512e-01,0.000000000000000000e+00
3.755000000000000000e+03,3.596559126758989700e-01,0.000000000000000000e+00
3.756000000000000000e+03,-1.875316618867334251e-01,0.000000000000000000e+00
3.757000000000000000e+03,-6.621989390688420851e-02,0.000000000000000000e+00
3.758000000000000000e+03,-4.948075891399121851e-01,0.000000000000000000e+00
3.759000000000000000e+03,-1.121225067466429665e-01,0.000000000000000000e+00
3.760000000000000000e+03,-4.121961284188457864e-01,0.000000000000000000e+00
3.761000000000000000e+03,-1.043568511282178674e-01,0.000000000000000000e+00
3.762000000000000000e+03,-3.290437653765559411e-01,0.000000000000000000e+00
3.763000000000000000e+03,-1.052550580038554146e-01,0.000000000000000000e+00
3.764000000000000000e+03,-3.555356427412599274e-01,0.000000000000000000e+00
3.765000000000000000e+03,5.055671053985762164e-02,0.000000000000000000e+00
3.766000000000000000e+03,-5.961006272280272578e-02,0.000000000000000000e+00
3.767000000000000000e+03,1.785383051739317384e-01,0.000000000000000000e+00
3.768000000000000000e+03,1.353143255015510915e-01,0.000000000000000000e+00
3.769000000000000000e+03,-5.966239649380260246e-02,0.000000000000000000e+00
3.770000000000000000e+03,-3.245405207637926115e-02,0.000000000000000000e+00
3.771000000000000000e+03,1.492253980848591843e-01,0.000000000000000000e+00
3.772000000000000000e+03,3.833579011912126994e-02,0.000000000000000000e+00
3.773000000000000000e+03,2.432752722560387604e-01,0.000000000000000000e+00
3.774000000000000000e+03,1.107367464816244595e-02,0.000000000000000000e+00
3.775000000000000000e+03,1.244407917861712481e-01,0.000000000000000000e+00
3.776000000000000000e+03,8.213702356104998770e-02,0.000000000000000000e+00
3.777000000000000000e+03,4.085553030969066857e-01,0.000000000000000000e+00
3.778000000000000000e+03,2.516383445051115220e-01,0.000000000000000000e+00
3.779000000000000000e+03,5.982512852031623973e-01,0.000000000000000000e+00
3.780000000000000000e+03,3.994498063411561217e-01,0.000000000000000000e+00
3.781000000000000000e+03,9.883483396601018545e-02,0.000000000000000000e+00
3.782000000000000000e+03,-2.994338262909335691e-01,0.000000000000000000e+00
3.783000000000000000e+03,-1.601401386328654142e-01,0.000000000000000000e+00
3.784000000000000000e+03,-3.899121286206926329e-01,0.000000000000000000e+00
3.785000000000000000e+03,-9.663297320357329412e-02,0.000000000000000000e+00
3.786000000000000000e+03,1.008205682987454832e+00,0.000000000000000000e+00
3.787000000000000000e+03,5.783954724949289528e+00,0.000000000000000000e+00
3.788000000000000000e+03,-2.122204027117704950e+00,1.000000000000000000e+00
3.789000000000000000e+03,-1.539909437471391085e+00,0.000000000000000000e+00
3.790000000000000000e+03,-7.940260557310742096e-01,0.000000000000000000e+00
3.791000000000000000e+03,-7.923786542727083715e-01,0.000000000000000000e+00
3.792000000000000000e+03,-4.010129970311561709e-01,0.000000000000000000e+00
3.793000000000000000e+03,-4.794505252398438833e-01,0.000000000000000000e+00
3.794000000000000000e+03,-2.978951575744152591e-01,0.000000000000000000e+00
3.795000000000000000e+03,-4.150529320102122055e-01,0.000000000000000000e+00
3.796000000000000000e+03,-1.826975671265209655e-01,0.000000000000000000e+00
3.797000000000000000e+03,-1.290005332908449875e-01,0.000000000000000000e+00
3.798000000000000000e+03,-1.281453044948093201e-01,0.000000000000000000e+00
3.799000000000000000e+03,1.143527294814185302e-01,0.000000000000000000e+00
3.800000000000000000e+03,4.440555282282703659e-02,0.000000000000000000e+00
3.801000000000000000e+03,1.711452195672780452e-01,0.000000000000000000e+00
3.802000000000000000e+03,2.397034943068488133e-01,0.000000000000000000e+00
3.803000000000000000e+03,3.654661534823516744e-01,0.000000000000000000e+00
3.804000000000000000e+03,-3.840336803822086420e-02,0.000000000000000000e+00
3.805000000000000000e+03,-5.844419628104050718e-02,0.000000000000000000e+00
3.806000000000000000e+03,-3.386890395232325379e-01,0.000000000000000000e+00
3.807000000000000000e+03,-4.855747058007109374e-02,0.000000000000000000e+00
3.808000000000000000e+03,-2.707700560128757372e-01,0.000000000000000000e+00
3.809000000000000000e+03,-1.042597615070401801e-01,0.000000000000000000e+00
3.810000000000000000e+03,-3.313923555249670416e-01,0.000000000000000000e+00
3.811000000000000000e+03,-4.048750289021641607e-02,0.000000000000000000e+00
3.812000000000000000e+03,-1.950179707416559161e-01,0.000000000000000000e+00
3.813000000000000000e+03,-1.759078109317873395e-01,0.000000000000000000e+00
3.814000000000000000e+03,-2.138718310427302760e-01,0.000000000000000000e+00
3.815000000000000000e+03,7.941811582274760362e-02,0.000000000000000000e+00
3.816000000000000000e+03,6.563438415793339427e-03,0.000000000000000000e+00
3.817000000000000000e+03,5.858483681841995805e-02,0.000000000000000000e+00
3.818000000000000000e+03,-3.382128970818616687e-02,0.000000000000000000e+00
3.819000000000000000e+03,1.262869917461069691e-01,0.000000000000000000e+00
3.820000000000000000e+03,4.959346381269575527e-02,0.000000000000000000e+00
3.821000000000000000e+03,1.458369879004769998e-01,0.000000000000000000e+00
3.822000000000000000e+03,-1.356820870493333775e-01,0.000000000000000000e+00
3.823000000000000000e+03,2.533775495398836730e-01,0.000000000000000000e+00
3.824000000000000000e+03,-5.210566980913395457e-02,0.000000000000000000e+00
3.825000000000000000e+03,2.801648835142653837e-01,0.000000000000000000e+00
3.826000000000000000e+03,5.988310253219967377e-02,0.000000000000000000e+00
3.827000000000000000e+03,3.580108050230291772e-01,0.000000000000000000e+00
3.828000000000000000e+03,2.055156052677745981e-01,0.000000000000000000e+00
3.829000000000000000e+03,6.558720378037532495e-01,0.000000000000000000e+00
3.830000000000000000e+03,4.762807268807671690e-01,0.000000000000000000e+00
3.831000000000000000e+03,3.380048766944806493e-01,0.000000000000000000e+00
3.832000000000000000e+03,-5.824155815936703506e-01,0.000000000000000000e+00
3.833000000000000000e+03,1.498284227105486643e-01,0.000000000000000000e+00
3.834000000000000000e+03,-6.785146452152948093e-01,0.000000000000000000e+00
3.835000000000000000e+03,5.633576702244917911e-01,0.000000000000000000e+00
3.836000000000000000e+03,-8.331777182351397526e-01,0.000000000000000000e+00
3.837000000000000000e+03,5.177427612469152507e+00,0.000000000000000000e+00
3.838000000000000000e+03,1.880578223074466093e+00,1.000000000000000000e+00
3.839000000000000000e+03,-2.994135654870433871e+00,0.000000000000000000e+00
3.840000000000000000e+03,-2.907764943774328037e-01,0.000000000000000000e+00
3.841000000000000000e+03,-1.245942728571076907e+00,0.000000000000000000e+00
3.842000000000000000e+03,-3.719599288484435884e-01,0.000000000000000000e+00
3.843000000000000000e+03,-9.301832853063209949e-01,0.000000000000000000e+00
3.844000000000000000e+03,-8.120117714436929368e-02,0.000000000000000000e+00
3.845000000000000000e+03,-5.520226011393080112e-01,0.000000000000000000e+00
3.846000000000000000e+03,-1.308034433721050049e-01,0.000000000000000000e+00
3.847000000000000000e+03,-3.626710334677382686e-01,0.000000000000000000e+00
3.848000000000000000e+03,-1.023104948218570703e-01,0.000000000000000000e+00
3.849000000000000000e+03,-3.069273189100483745e-01,0.000000000000000000e+00
3.850000000000000000e+03,8.081862827383218262e-02,0.000000000000000000e+00
3.851000000000000000e+03,1.364567902790227993e-01,0.000000000000000000e+00
3.852000000000000000e+03,4.307287719887543109e-01,0.000000000000000000e+00
3.853000000000000000e+03,2.584233981570244754e-01,0.000000000000000000e+00
3.854000000000000000e+03,4.400719053393975511e-01,0.000000000000000000e+00
3.855000000000000000e+03,-2.029282091783242981e-01,0.000000000000000000e+00
3.856000000000000000e+03,-1.511391285989062694e-01,0.000000000000000000e+00
3.857000000000000000e+03,-2.524564604394855527e-01,0.000000000000000000e+00
3.858000000000000000e+03,-1.267065021561838700e-01,0.000000000000000000e+00
3.859000000000000000e+03,-2.499226581927022073e-01,0.000000000000000000e+00
3.860000000000000000e+03,-2.699906570034533160e-01,0.000000000000000000e+00
3.861000000000000000e+03,-2.605930201173773386e-01,0.000000000000000000e+00
3.862000000000000000e+03,-1.301406416054628479e-01,0.000000000000000000e+00
3.863000000000000000e+03,-2.941078099443331095e-01,0.000000000000000000e+00
3.864000000000000000e+03,-1.844534459900680490e-01,0.000000000000000000e+00
3.865000000000000000e+03,-4.473436201544076646e-02,0.000000000000000000e+00
3.866000000000000000e+03,1.255041134340327824e-01,0.000000000000000000e+00
3.867000000000000000e+03,2.534309054982012907e-02,0.000000000000000000e+00
3.868000000000000000e+03,7.750421517658045989e-02,0.000000000000000000e+00
3.869000000000000000e+03,2.064985890486528697e-02,0.000000000000000000e+00
3.870000000000000000e+03,-7.301178212756230350e-03,0.000000000000000000e+00
3.871000000000000000e+03,6.112519768290839567e-02,0.000000000000000000e+00
3.872000000000000000e+03,5.054281980815919506e-02,0.000000000000000000e+00
3.873000000000000000e+03,7.548510336239104557e-02,0.000000000000000000e+00
3.874000000000000000e+03,1.585155668367063397e-01,0.000000000000000000e+00
3.875000000000000000e+03,7.748926013033122229e-02,0.000000000000000000e+00
3.876000000000000000e+03,1.338015898634209791e-02,0.000000000000000000e+00
3.877000000000000000e+03,1.280735812154020492e-01,0.000000000000000000e+00
3.878000000000000000e+03,8.937280584297790931e-02,0.000000000000000000e+00
3.879000000000000000e+03,3.764846753205091101e-01,0.000000000000000000e+00
3.880000000000000000e+03,1.788561942944318084e-01,0.000000000000000000e+00
3.881000000000000000e+03,7.250474690271920819e-01,0.000000000000000000e+00
3.882000000000000000e+03,4.225246183609578376e-01,0.000000000000000000e+00
3.883000000000000000e+03,5.852586457606741011e-01,0.000000000000000000e+00
3.884000000000000000e+03,-2.441319967864949703e-01,0.000000000000000000e+00
3.885000000000000000e+03,-1.080713611657200951e-01,0.000000000000000000e+00
3.886000000000000000e+03,-4.540584283623553263e-01,0.000000000000000000e+00
3.887000000000000000e+03,-3.105936016427143440e-02,0.000000000000000000e+00
3.888000000000000000e+03,-5.774664651235580370e-01,0.000000000000000000e+00
3.889000000000000000e+03,1.956040911725677400e+00,0.000000000000000000e+00
3.890000000000000000e+03,5.521125542189773583e+00,0.000000000000000000e+00
3.891000000000000000e+03,-2.778023745685552104e+00,1.000000000000000000e+00
3.892000000000000000e+03,-1.282364554635329279e+00,0.000000000000000000e+00
3.893000000000000000e+03,-1.135715666737797669e+00,0.000000000000000000e+00
3.894000000000000000e+03,-7.753960024874452239e-01,0.000000000000000000e+00
3.895000000000000000e+03,-7.430854883665219957e-01,0.000000000000000000e+00
3.896000000000000000e+03,-5.076357652486952476e-01,0.000000000000000000e+00
3.897000000000000000e+03,-6.547571898810260471e-01,0.000000000000000000e+00
3.898000000000000000e+03,-4.005515699218235581e-01,0.000000000000000000e+00
3.899000000000000000e+03,-3.984907822870817351e-01,0.000000000000000000e+00
3.900000000000000000e+03,-2.650693529674263416e-01,0.000000000000000000e+00
3.901000000000000000e+03,-2.140388000263863111e-01,0.000000000000000000e+00
3.902000000000000000e+03,-7.023558134747887038e-02,0.000000000000000000e+00
3.903000000000000000e+03,-7.730914766407775973e-02,0.000000000000000000e+00
3.904000000000000000e+03,9.402450011358470805e-02,0.000000000000000000e+00
3.905000000000000000e+03,1.556996351319464289e-01,0.000000000000000000e+00
3.906000000000000000e+03,1.386763155244159773e-01,0.000000000000000000e+00
3.907000000000000000e+03,-1.784192815823560652e-01,0.000000000000000000e+00
3.908000000000000000e+03,-1.154782114250921532e-01,0.000000000000000000e+00
3.909000000000000000e+03,-1.911569622860176398e-01,0.000000000000000000e+00
3.910000000000000000e+03,-2.729711704094131552e-01,0.000000000000000000e+00
3.911000000000000000e+03,-2.515266573926244198e-01,0.000000000000000000e+00
3.912000000000000000e+03,-3.572727118088563358e-01,0.000000000000000000e+00
3.913000000000000000e+03,-2.371709293878395963e-01,0.000000000000000000e+00
3.914000000000000000e+03,-2.808444614368977299e-01,0.000000000000000000e+00
3.915000000000000000e+03,-2.177950409911457164e-01,0.000000000000000000e+00
3.916000000000000000e+03,-1.816221830711636509e-01,0.000000000000000000e+00
3.917000000000000000e+03,-8.591881493416121673e-02,0.000000000000000000e+00
3.918000000000000000e+03,-6.379120565589500857e-02,0.000000000000000000e+00
3.919000000000000000e+03,1.193830449971950702e-01,0.000000000000000000e+00
3.920000000000000000e+03,1.262847643835026713e-02,0.000000000000000000e+00
3.921000000000000000e+03,1.238648769618341250e-01,0.000000000000000000e+00
3.922000000000000000e+03,1.277948703975002875e-01,0.000000000000000000e+00
3.923000000000000000e+03,1.710902864556906322e-01,0.000000000000000000e+00
3.924000000000000000e+03,-6.528234942867051915e-02,0.000000000000000000e+00
3.925000000000000000e+03,1.963402981425494409e-01,0.000000000000000000e+00
3.926000000000000000e+03,1.011599489198510005e-02,0.000000000000000000e+00
3.927000000000000000e+03,5.866118975832389920e-02,0.000000000000000000e+00
3.928000000000000000e+03,9.613515302137587079e-03,0.000000000000000000e+00
3.929000000000000000e+03,2.647638934782768350e-01,0.000000000000000000e+00
3.930000000000000000e+03,1.996981892809140402e-01,0.000000000000000000e+00
3.931000000000000000e+03,3.837131273908463980e-01,0.000000000000000000e+00
3.932000000000000000e+03,3.565891443833205110e-01,0.000000000000000000e+00
3.933000000000000000e+03,7.964372282472605979e-01,0.000000000000000000e+00
3.934000000000000000e+03,3.356234497363023705e-01,0.000000000000000000e+00
3.935000000000000000e+03,1.766811908490081851e-01,0.000000000000000000e+00
3.936000000000000000e+03,-4.054164188348930442e-01,0.000000000000000000e+00
3.937000000000000000e+03,-1.634193830479134177e-02,0.000000000000000000e+00
3.938000000000000000e+03,-4.322711560229618999e-01,0.000000000000000000e+00
3.939000000000000000e+03,3.891838834139336734e-01,0.000000000000000000e+00
3.940000000000000000e+03,3.033474213350274007e-01,0.000000000000000000e+00
3.941000000000000000e+03,6.030198056206637069e+00,0.000000000000000000e+00
3.942000000000000000e+03,-1.383165290591082730e+00,1.000000000000000000e+00
3.943000000000000000e+03,-2.206428644068368694e+00,0.000000000000000000e+00
3.944000000000000000e+03,-4.766175307504159075e-01,0.000000000000000000e+00
3.945000000000000000e+03,-8.622309626215236555e-01,0.000000000000000000e+00
3.946000000000000000e+03,-2.738623035472572687e-01,0.000000000000000000e+00
3.947000000000000000e+03,-5.761180106975475335e-01,0.000000000000000000e+00
3.948000000000000000e+03,-1.713587240884014151e-01,0.000000000000000000e+00
3.949000000000000000e+03,-4.059477207321835479e-01,0.000000000000000000e+00
3.950000000000000000e+03,-1.013107979526207125e-01,0.000000000000000000e+00
3.951000000000000000e+03,-2.208344487933959766e-01,0.000000000000000000e+00
3.952000000000000000e+03,-1.797470345863511065e-02,0.000000000000000000e+00
3.953000000000000000e+03,-4.658721851425851046e-02,0.000000000000000000e+00
3.954000000000000000e+03,1.997230633917447887e-02,0.000000000000000000e+00
3.955000000000000000e+03,1.841220040813588976e-01,0.000000000000000000e+00
3.956000000000000000e+03,2.367317053296440765e-01,0.000000000000000000e+00
3.957000000000000000e+03,2.110042784705909724e-01,0.000000000000000000e+00
3.958000000000000000e+03,-1.198638545961287424e-02,0.000000000000000000e+00
3.959000000000000000e+03,-5.540420740091345220e-02,0.000000000000000000e+00
3.960000000000000000e+03,-3.950125543820320884e-01,0.000000000000000000e+00
3.961000000000000000e+03,-3.962610810707682951e-01,0.000000000000000000e+00
3.962000000000000000e+03,-3.571218657455446643e-01,0.000000000000000000e+00
3.963000000000000000e+03,-4.056724341690725599e-01,0.000000000000000000e+00
3.964000000000000000e+03,-4.068242934724021764e-01,0.000000000000000000e+00
3.965000000000000000e+03,-1.408312741259377388e-01,0.000000000000000000e+00
3.966000000000000000e+03,-1.743138256393853835e-01,0.000000000000000000e+00
3.967000000000000000e+03,-1.643848462052434345e-01,0.000000000000000000e+00
3.968000000000000000e+03,1.136808382532373228e-02,0.000000000000000000e+00
3.969000000000000000e+03,1.784648739296629955e-02,0.000000000000000000e+00
3.970000000000000000e+03,7.020034647860989331e-03,0.000000000000000000e+00
3.971000000000000000e+03,1.013311021328492795e-01,0.000000000000000000e+00
3.972000000000000000e+03,4.601394820609734757e-04,0.000000000000000000e+00
3.973000000000000000e+03,1.199201874194325279e-01,0.000000000000000000e+00
3.974000000000000000e+03,-7.844625041603413285e-02,0.000000000000000000e+00
3.975000000000000000e+03,9.008544377595141539e-02,0.000000000000000000e+00
3.976000000000000000e+03,-1.250006861187998308e-01,0.000000000000000000e+00
3.977000000000000000e+03,1.049087149607742103e-01,0.000000000000000000e+00
3.978000000000000000e+03,3.681211123172892924e-02,0.000000000000000000e+00
3.979000000000000000e+03,1.730172209814232198e-01,0.000000000000000000e+00
3.980000000000000000e+03,2.329806258141414732e-03,0.000000000000000000e+00
3.981000000000000000e+03,4.191421341046918658e-01,0.000000000000000000e+00
3.982000000000000000e+03,1.961655293244647380e-01,0.000000000000000000e+00
3.983000000000000000e+03,6.169523399089835713e-01,0.000000000000000000e+00
3.984000000000000000e+03,3.948881076157268466e-01,0.000000000000000000e+00
3.985000000000000000e+03,2.018981313304859526e-01,0.000000000000000000e+00
3.986000000000000000e+03,-3.931733162464347009e-01,0.000000000000000000e+00
3.987000000000000000e+03,1.471144907941766555e-01,0.000000000000000000e+00
3.988000000000000000e+03,-6.117580985783648284e-01,0.000000000000000000e+00
3.989000000000000000e+03,4.015167468037598164e-01,0.000000000000000000e+00
3.990000000000000000e+03,-3.153086738643743892e-01,0.000000000000000000e+00
3.991000000000000000e+03,5.720583097632361280e+00,0.000000000000000000e+00
3.992000000000000000e+03,1.589093318431159807e-01,1.000000000000000000e+00
3.993000000000000000e+03,-2.802705494071303871e+00,0.000000000000000000e+00
3.994000000000000000e+03,-1.539678622390511509e-01,0.000000000000000000e+00
3.995000000000000000e+03,-1.025490695284358322e+00,0.000000000000000000e+00
3.996000000000000000e+03,-1.307545880077370104e-01,0.000000000000000000e+00
3.997000000000000000e+03,-5.680700207798903278e-01,0.000000000000000000e+00
3.998000000000000000e+03,-1.831135532304398184e-01,0.000000000000000000e+00
3.999000000000000000e+03,-2.410856743257586421e-01,0.000000000000000000e+00
4.000000000000000000e+03,7.025192188838003809e-04,0.000000000000000000e+00
4.001000000000000000e+03,-4.191732125925552999e-01,0.000000000000000000e+00
4.002000000000000000e+03,2.404856452638811648e-01,0.000000000000000000e+00
4.003000000000000000e+03,-1.438940707149848341e-01,0.000000000000000000e+00
4.004000000000000000e+03,3.770386832952199452e-01,0.000000000000000000e+00
4.005000000000000000e+03,1.925658673556046863e-01,0.000000000000000000e+00
4.006000000000000000e+03,4.332089299054548426e-01,0.000000000000000000e+00
4.007000000000000000e+03,2.891624594056075304e-01,0.000000000000000000e+00
4.008000000000000000e+03,1.265573130231963939e-01,0.000000000000000000e+00
4.009000000000000000e+03,2.012977442210991397e-01,0.000000000000000000e+00
4.010000000000000000e+03,-7.505513311667308396e-02,0.000000000000000000e+00
4.011000000000000000e+03,-1.862209897207674214e-01,0.000000000000000000e+00
4.012000000000000000e+03,-2.156877821074138224e-01,0.000000000000000000e+00
4.013000000000000000e+03,-3.977872491825863444e-01,0.000000000000000000e+00
4.014000000000000000e+03,-1.189071073551469238e-01,0.000000000000000000e+00
4.015000000000000000e+03,-1.560536154986268131e-01,0.000000000000000000e+00
4.016000000000000000e+03,-1.590678294635777257e-01,0.000000000000000000e+00
4.017000000000000000e+03,-1.572496289539738745e-01,0.000000000000000000e+00
4.018000000000000000e+03,7.730732387421592779e-03,0.000000000000000000e+00
4.019000000000000000e+03,1.513414861805715758e-02,0.000000000000000000e+00
4.020000000000000000e+03,2.372767863295320578e-02,0.000000000000000000e+00
4.021000000000000000e+03,1.389015101700735721e-01,0.000000000000000000e+00
4.022000000000000000e+03,-1.112827234356567226e-02,0.000000000000000000e+00
4.023000000000000000e+03,1.740891445557924896e-02,0.000000000000000000e+00
4.024000000000000000e+03,1.858657413351496868e-01,0.000000000000000000e+00
4.025000000000000000e+03,8.492162712604210684e-02,0.000000000000000000e+00
4.026000000000000000e+03,9.469574980405455478e-02,0.000000000000000000e+00
4.027000000000000000e+03,4.702865483365911703e-02,0.000000000000000000e+00
4.028000000000000000e+03,1.674176786308737008e-01,0.000000000000000000e+00
4.029000000000000000e+03,1.780892675082682008e-01,0.000000000000000000e+00
4.030000000000000000e+03,2.247174986478724795e-02,0.000000000000000000e+00
4.031000000000000000e+03,2.185871536250162117e-01,0.000000000000000000e+00
4.032000000000000000e+03,1.604783163582036709e-01,0.000000000000000000e+00
4.033000000000000000e+03,3.318220166305039798e-01,0.000000000000000000e+00
4.034000000000000000e+03,2.436761344014137243e-01,0.000000000000000000e+00
4.035000000000000000e+03,5.778738112077322908e-01,0.000000000000000000e+00
4.036000000000000000e+03,4.297942688011116008e-01,0.000000000000000000e+00
4.037000000000000000e+03,4.277099388649545642e-01,0.000000000000000000e+00
4.038000000000000000e+03,-4.864965001050010063e-01,0.000000000000000000e+00
4.039000000000000000e+03,-1.415193580240922122e-01,0.000000000000000000e+00
4.040000000000000000e+03,-5.860861933060399487e-01,0.000000000000000000e+00
4.041000000000000000e+03,1.451141369264025704e-01,0.000000000000000000e+00
4.042000000000000000e+03,-7.292489425067577580e-01,0.000000000000000000e+00
4.043000000000000000e+03,3.205552195826782302e+00,0.000000000000000000e+00
4.044000000000000000e+03,4.294870989744700829e+00,0.000000000000000000e+00
4.045000000000000000e+03,-3.447622532706886123e+00,1.000000000000000000e+00
4.046000000000000000e+03,-5.482648664482095979e-01,0.000000000000000000e+00
4.047000000000000000e+03,-1.433021884760976805e+00,0.000000000000000000e+00
4.048000000000000000e+03,-5.316555442586792246e-01,0.000000000000000000e+00
4.049000000000000000e+03,-7.985346952554305267e-01,0.000000000000000000e+00
4.050000000000000000e+03,-3.645045112767482109e-01,0.000000000000000000e+00
4.051000000000000000e+03,-7.207668712107770936e-01,0.000000000000000000e+00
4.052000000000000000e+03,-3.188250351303210106e-01,0.000000000000000000e+00
4.053000000000000000e+03,-4.121967184524837902e-01,0.000000000000000000e+00
4.054000000000000000e+03,-1.264808611477499511e-01,0.000000000000000000e+00
4.055000000000000000e+03,-2.496570073276203339e-01,0.000000000000000000e+00
4.056000000000000000e+03,-1.332311396462407260e-02,0.000000000000000000e+00
4.057000000000000000e+03,-1.125423274573160576e-01,0.000000000000000000e+00
4.058000000000000000e+03,1.095582659183957225e-01,0.000000000000000000e+00
4.059000000000000000e+03,1.584838252430551264e-01,0.000000000000000000e+00
4.060000000000000000e+03,3.036617650962486481e-01,0.000000000000000000e+00
4.061000000000000000e+03,-2.328834697658036246e-01,0.000000000000000000e+00
4.062000000000000000e+03,9.934640222371413087e-02,0.000000000000000000e+00
4.063000000000000000e+03,-3.916123314616824502e-01,0.000000000000000000e+00
4.064000000000000000e+03,-2.642605710181185619e-01,0.000000000000000000e+00
4.065000000000000000e+03,-4.186904849480893587e-01,0.000000000000000000e+00
4.066000000000000000e+03,-1.048213690121615888e-01,0.000000000000000000e+00
4.067000000000000000e+03,-2.682901998044899261e-01,0.000000000000000000e+00
4.068000000000000000e+03,-1.191274897984716530e-01,0.000000000000000000e+00
4.069000000000000000e+03,-2.266270589524639612e-01,0.000000000000000000e+00
4.070000000000000000e+03,-1.830634434266551203e-01,0.000000000000000000e+00
4.071000000000000000e+03,-7.145821709203259431e-02,0.000000000000000000e+00
4.072000000000000000e+03,-5.174279122885173249e-02,0.000000000000000000e+00
4.073000000000000000e+03,1.197666233203396186e-01,0.000000000000000000e+00
4.074000000000000000e+03,2.778502524977139246e-02,0.000000000000000000e+00
4.075000000000000000e+03,9.829169733780415696e-02,0.000000000000000000e+00
4.076000000000000000e+03,2.125007302943271448e-01,0.000000000000000000e+00
4.077000000000000000e+03,-3.874433450084295572e-02,0.000000000000000000e+00
4.078000000000000000e+03,8.279602204264659149e-02,0.000000000000000000e+00
4.079000000000000000e+03,-1.337269238351469491e-01,0.000000000000000000e+00
4.080000000000000000e+03,3.511698349117751139e-01,0.000000000000000000e+00
4.081000000000000000e+03,-2.983493590956413574e-02,0.000000000000000000e+00
4.082000000000000000e+03,-2.040821187985340790e-02,0.000000000000000000e+00
4.083000000000000000e+03,2.062721969393966903e-01,0.000000000000000000e+00
4.084000000000000000e+03,1.097354638038491037e-01,0.000000000000000000e+00
4.085000000000000000e+03,1.523430395069388654e-01,0.000000000000000000e+00
4.086000000000000000e+03,1.266137888079932328e-01,0.000000000000000000e+00
4.087000000000000000e+03,2.671659282822637649e-01,0.000000000000000000e+00
4.088000000000000000e+03,2.564429152565138592e-01,0.000000000000000000e+00
4.089000000000000000e+03,4.031913707640341071e-01,0.000000000000000000e+00
4.090000000000000000e+03,5.551410401127666594e-01,0.000000000000000000e+00
4.091000000000000000e+03,3.803267593784971923e-01,0.000000000000000000e+00
4.092000000000000000e+03,-4.558501315465726123e-01,0.000000000000000000e+00
4.093000000000000000e+03,-2.280634486204479172e-01,0.000000000000000000e+00
4.094000000000000000e+03,-4.709647828196873998e-01,0.000000000000000000e+00
4.095000000000000000e+03,6.026454458745273551e-02,0.000000000000000000e+00
4.096000000000000000e+03,-6.656788544096988725e-01,0.000000000000000000e+00
4.097000000000000000e+03,2.851496165764929813e+00,0.000000000000000000e+00
4.098000000000000000e+03,4.788984707665032481e+00,0.000000000000000000e+00
4.099000000000000000e+03,-3.115107623670289705e+00,1.000000000000000000e+00
4.100000000000000000e+03,-7.274739646513915803e-01,0.000000000000000000e+00
4.101000000000000000e+03,-1.313640211672713720e+00,0.000000000000000000e+00
4.102000000000000000e+03,-4.476327503590074031e-01,0.000000000000000000e+00
4.103000000000000000e+03,-8.986341912970418067e-01,0.000000000000000000e+00
4.104000000000000000e+03,-1.372182314343987908e-01,0.000000000000000000e+00
4.105000000000000000e+03,-6.100374132066338495e-01,0.000000000000000000e+00
4.106000000000000000e+03,-1.152259082439075766e-01,0.000000000000000000e+00
4.107000000000000000e+03,-4.685095354037406845e-01,0.000000000000000000e+00
4.108000000000000000e+03,4.752058820288802138e-02,0.000000000000000000e+00
4.109000000000000000e+03,-2.657420376289641450e-01,0.000000000000000000e+00
4.110000000000000000e+03,9.257679047434951014e-02,0.000000000000000000e+00
4.111000000000000000e+03,-7.488262509938249656e-02,0.000000000000000000e+00
4.112000000000000000e+03,5.033089812175357558e-01,0.000000000000000000e+00
4.113000000000000000e+03,1.166099679802745925e-01,0.000000000000000000e+00
4.114000000000000000e+03,2.347066793073173674e-01,0.000000000000000000e+00
4.115000000000000000e+03,8.374557709254734639e-02,0.000000000000000000e+00
4.116000000000000000e+03,4.995550857508895132e-02,0.000000000000000000e+00
4.117000000000000000e+03,-3.223781377399412840e-01,0.000000000000000000e+00
4.118000000000000000e+03,-1.561307764792324304e-01,0.000000000000000000e+00
4.119000000000000000e+03,-3.765490671159251179e-01,0.000000000000000000e+00
4.120000000000000000e+03,-1.681298641012844153e-01,0.000000000000000000e+00
4.121000000000000000e+03,-4.328507264383109621e-01,0.000000000000000000e+00
4.122000000000000000e+03,-1.184969503440886640e-01,0.000000000000000000e+00
4.123000000000000000e+03,-4.292018021902852531e-01,0.000000000000000000e+00
4.124000000000000000e+03,-3.382006221507928567e-02,0.000000000000000000e+00
4.125000000000000000e+03,-2.708847672949279972e-01,0.000000000000000000e+00
4.126000000000000000e+03,1.348630157082106318e-01,0.000000000000000000e+00
4.127000000000000000e+03,-1.462538914696767944e-01,0.000000000000000000e+00
4.128000000000000000e+03,2.026092178703147451e-01,0.000000000000000000e+00
4.129000000000000000e+03,-1.679357147790464522e-01,0.000000000000000000e+00
4.130000000000000000e+03,2.145943432307286791e-01,0.000000000000000000e+00
4.131000000000000000e+03,-1.507256750825423652e-01,0.000000000000000000e+00
4.132000000000000000e+03,1.413949174907461748e-01,0.000000000000000000e+00
4.133000000000000000e+03,-8.407512345566464651e-02,0.000000000000000000e+00
4.134000000000000000e+03,1.046101884042125868e-01,0.000000000000000000e+00
4.135000000000000000e+03,-7.742526885855367802e-02,0.000000000000000000e+00
4.136000000000000000e+03,2.325928174270696647e-01,0.000000000000000000e+00
4.137000000000000000e+03,3.229908743925723191e-02,0.000000000000000000e+00
4.138000000000000000e+03,2.387667769337550872e-01,0.000000000000000000e+00
4.139000000000000000e+03,-2.519550287525510954e-02,0.000000000000000000e+00
4.140000000000000000e+03,3.711313111528155018e-01,0.000000000000000000e+00
4.141000000000000000e+03,2.227182682910601452e-01,0.000000000000000000e+00
4.142000000000000000e+03,7.925600897212589091e-01,0.000000000000000000e+00
4.143000000000000000e+03,4.748570919298112925e-01,0.000000000000000000e+00
4.144000000000000000e+03,4.795085224704339621e-01,0.000000000000000000e+00
4.145000000000000000e+03,-4.434511804471502061e-01,0.000000000000000000e+00
4.146000000000000000e+03,6.117487475095122196e-02,0.000000000000000000e+00
4.147000000000000000e+03,-6.155138329246387929e-01,0.000000000000000000e+00
4.148000000000000000e+03,4.239781569274574946e-01,0.000000000000000000e+00
4.149000000000000000e+03,-6.719925461882970685e-01,0.000000000000000000e+00
4.150000000000000000e+03,3.381255719372823876e+00,0.000000000000000000e+00
4.151000000000000000e+03,4.198601028458313955e+00,0.000000000000000000e+00
4.152000000000000000e+03,-3.432602499707583910e+00,1.000000000000000000e+00
4.153000000000000000e+03,-5.284461589797644354e-01,0.000000000000000000e+00
4.154000000000000000e+03,-1.216545231766361423e+00,0.000000000000000000e+00
4.155000000000000000e+03,-3.382624793293615983e-01,0.000000000000000000e+00
4.156000000000000000e+03,-6.143591353436439473e-01,0.000000000000000000e+00
4.157000000000000000e+03,-2.892939196354420428e-01,0.000000000000000000e+00
4.158000000000000000e+03,-4.345250049239878232e-01,0.000000000000000000e+00
4.159000000000000000e+03,-1.880078479490480958e-01,0.000000000000000000e+00
4.160000000000000000e+03,-3.707341109690354686e-01,0.000000000000000000e+00
4.161000000000000000e+03,2.103368783752003757e-01,0.000000000000000000e+00
4.162000000000000000e+03,-3.473165984597659239e-01,0.000000000000000000e+00
4.163000000000000000e+03,1.134155646100916820e-01,0.000000000000000000e+00
4.164000000000000000e+03,-1.609812353573114863e-01,0.000000000000000000e+00
4.165000000000000000e+03,2.016783862712097086e-01,0.000000000000000000e+00
4.166000000000000000e+03,1.528183090444757697e-01,0.000000000000000000e+00
4.167000000000000000e+03,7.388652891197233785e-02,0.000000000000000000e+00
4.168000000000000000e+03,-1.051846955707200215e-01,0.000000000000000000e+00
4.169000000000000000e+03,-1.090674248073742331e-01,0.000000000000000000e+00
4.170000000000000000e+03,-5.291546274627757507e-01,0.000000000000000000e+00
4.171000000000000000e+03,-1.331251200258793121e-01,0.000000000000000000e+00
4.172000000000000000e+03,-4.250508243123560237e-01,0.000000000000000000e+00
4.173000000000000000e+03,-2.537975191901726824e-01,0.000000000000000000e+00
4.174000000000000000e+03,-3.106219010842404815e-01,0.000000000000000000e+00
4.175000000000000000e+03,-2.253215106413308799e-02,0.000000000000000000e+00
4.176000000000000000e+03,-2.547971353886384627e-01,0.000000000000000000e+00
4.177000000000000000e+03,-4.639280052285612438e-04,0.000000000000000000e+00
4.178000000000000000e+03,-5.288815234652788355e-02,0.000000000000000000e+00
4.179000000000000000e+03,-1.750000489327078468e-01,0.000000000000000000e+00
4.180000000000000000e+03,-5.625367561739065547e-02,0.000000000000000000e+00
4.181000000000000000e+03,2.115053953728529557e-01,0.000000000000000000e+00
4.182000000000000000e+03,4.879670785108338599e-02,0.000000000000000000e+00
4.183000000000000000e+03,1.369487967303611720e-01,0.000000000000000000e+00
4.184000000000000000e+03,-1.636806483234989340e-01,0.000000000000000000e+00
4.185000000000000000e+03,2.231731544364147501e-01,0.000000000000000000e+00
4.186000000000000000e+03,-7.818142296054621243e-02,0.000000000000000000e+00
4.187000000000000000e+03,2.116636902162922218e-01,0.000000000000000000e+00
4.188000000000000000e+03,2.297248726335159377e-02,0.000000000000000000e+00
4.189000000000000000e+03,1.875553698795145996e-01,0.000000000000000000e+00
4.190000000000000000e+03,9.020688367072984826e-02,0.000000000000000000e+00
4.191000000000000000e+03,3.646581799566908644e-01,0.000000000000000000e+00
4.192000000000000000e+03,1.882241224302061422e-01,0.000000000000000000e+00
4.193000000000000000e+03,6.291410195360965796e-01,0.000000000000000000e+00
4.194000000000000000e+03,5.830216431841110936e-01,0.000000000000000000e+00
4.195000000000000000e+03,4.020653419193910283e-01,0.000000000000000000e+00
4.196000000000000000e+03,-3.699690671352938165e-01,0.000000000000000000e+00
4.197000000000000000e+03,5.610009698045621829e-02,0.000000000000000000e+00
4.198000000000000000e+03,-5.890830201151341372e-01,0.000000000000000000e+00
4.199000000000000000e+03,2.692563212326181676e-01,0.000000000000000000e+00
4.200000000000000000e+03,-5.658190289675263385e-01,0.000000000000000000e+00
4.201000000000000000e+03,2.659233946124520021e+00,0.000000000000000000e+00
4.202000000000000000e+03,4.695569814117963148e+00,0.000000000000000000e+00
4.203000000000000000e+03,-3.629442624858036925e+00,1.000000000000000000e+00
4.204000000000000000e+03,-7.396119166822195945e-01,0.000000000000000000e+00
4.205000000000000000e+03,-8.472288358710079459e-01,0.000000000000000000e+00
4.206000000000000000e+03,-3.760411213464560087e-01,0.000000000000000000e+00
4.207000000000000000e+03,-7.464317604168834164e-01,0.000000000000000000e+00
4.208000000000000000e+03,-1.811976864705595325e-01,0.000000000000000000e+00
4.209000000000000000e+03,-2.381476078903868587e-01,0.000000000000000000e+00
4.210000000000000000e+03,-6.687207964095347179e-02,0.000000000000000000e+00
4.211000000000000000e+03,-2.973086482837364874e-01,0.000000000000000000e+00
4.212000000000000000e+03,-4.316217902717521537e-02,0.000000000000000000e+00
4.213000000000000000e+03,1.558433234317908173e-02,0.000000000000000000e+00
4.214000000000000000e+03,2.473606929312907321e-01,0.000000000000000000e+00
4.215000000000000000e+03,-2.048390490086893917e-02,0.000000000000000000e+00
4.216000000000000000e+03,2.802680516793314980e-01,0.000000000000000000e+00
4.217000000000000000e+03,3.431966781191442828e-01,0.000000000000000000e+00
4.218000000000000000e+03,2.192733614412050447e-01,0.000000000000000000e+00
4.219000000000000000e+03,1.898067578625255714e-01,0.000000000000000000e+00
4.220000000000000000e+03,-2.218795200874427165e-01,0.000000000000000000e+00
4.221000000000000000e+03,-1.928842636495283480e-01,0.000000000000000000e+00
4.222000000000000000e+03,-3.916073874826310752e-01,0.000000000000000000e+00
4.223000000000000000e+03,-2.238505754559527439e-01,0.000000000000000000e+00
4.224000000000000000e+03,-2.546713182871285230e-01,0.000000000000000000e+00
4.225000000000000000e+03,-2.047016768573753642e-01,0.000000000000000000e+00
4.226000000000000000e+03,-2.550576625951950227e-01,0.000000000000000000e+00
4.227000000000000000e+03,-2.277390742101764176e-01,0.000000000000000000e+00
4.228000000000000000e+03,-1.773156690548444991e-01,0.000000000000000000e+00
4.229000000000000000e+03,-8.647743482405123930e-03,0.000000000000000000e+00
4.230000000000000000e+03,-1.131026727425128997e-01,0.000000000000000000e+00
4.231000000000000000e+03,1.985619584801685822e-02,0.000000000000000000e+00
4.232000000000000000e+03,-4.203264544087630811e-02,0.000000000000000000e+00
4.233000000000000000e+03,2.025221255374670855e-03,0.000000000000000000e+00
4.234000000000000000e+03,3.658264010171625308e-02,0.000000000000000000e+00
4.235000000000000000e+03,5.706601948631633003e-02,0.000000000000000000e+00
4.236000000000000000e+03,3.274737951493653099e-02,0.000000000000000000e+00
4.237000000000000000e+03,9.060609918688830589e-02,0.000000000000000000e+00
4.238000000000000000e+03,1.445805122252809272e-01,0.000000000000000000e+00
4.239000000000000000e+03,6.783809545896220261e-02,0.000000000000000000e+00
4.240000000000000000e+03,1.623589119888053101e-01,0.000000000000000000e+00
4.241000000000000000e+03,1.249755822918243303e-01,0.000000000000000000e+00
4.242000000000000000e+03,1.581816150671521426e-01,0.000000000000000000e+00
4.243000000000000000e+03,3.781421352969663863e-01,0.000000000000000000e+00
4.244000000000000000e+03,2.547088015428910501e-01,0.000000000000000000e+00
4.245000000000000000e+03,6.745180016729191985e-01,0.000000000000000000e+00
4.246000000000000000e+03,4.560943773302611470e-01,0.000000000000000000e+00
4.247000000000000000e+03,3.864976690936398618e-01,0.000000000000000000e+00
4.248000000000000000e+03,-3.603058012002682831e-01,0.000000000000000000e+00
4.249000000000000000e+03,1.680621684436700916e-02,0.000000000000000000e+00
4.250000000000000000e+03,-5.969094258488948368e-01,0.000000000000000000e+00
4.251000000000000000e+03,3.014542956999677337e-01,0.000000000000000000e+00
4.252000000000000000e+03,-7.707375644652800784e-01,0.000000000000000000e+00
4.253000000000000000e+03,3.410735828772334610e+00,0.000000000000000000e+00
4.254000000000000000e+03,4.006381024440457850e+00,0.000000000000000000e+00
4.255000000000000000e+03,-3.565010086246876764e+00,1.000000000000000000e+00
4.256000000000000000e+03,-4.150226946712470832e-01,0.000000000000000000e+00
4.257000000000000000e+03,-1.383158027463746054e+00,0.000000000000000000e+00
4.258000000000000000e+03,-3.607755313966137245e-01,0.000000000000000000e+00
4.259000000000000000e+03,-8.323025678796196480e-01,0.000000000000000000e+00
4.260000000000000000e+03,-3.065919250444682498e-01,0.000000000000000000e+00
4.261000000000000000e+03,-5.011295007361136200e-01,0.000000000000000000e+00
4.262000000000000000e+03,-1.842345339983833263e-01,0.000000000000000000e+00
4.263000000000000000e+03,-3.814799509827458412e-01,0.000000000000000000e+00
4.264000000000000000e+03,8.893755844114652198e-02,0.000000000000000000e+00
4.265000000000000000e+03,-2.118017642287250424e-01,0.000000000000000000e+00
4.266000000000000000e+03,1.372562296107959767e-01,0.000000000000000000e+00
4.267000000000000000e+03,-1.125752639574743308e-01,0.000000000000000000e+00
4.268000000000000000e+03,3.823317510565050759e-01,0.000000000000000000e+00
4.269000000000000000e+03,1.883001930775354826e-01,0.000000000000000000e+00
4.270000000000000000e+03,2.733742680263921976e-01,0.000000000000000000e+00
4.271000000000000000e+03,-1.869885220988851127e-01,0.000000000000000000e+00
4.272000000000000000e+03,1.021650697864859847e-01,0.000000000000000000e+00
4.273000000000000000e+03,-4.483507949557829497e-01,0.000000000000000000e+00
4.274000000000000000e+03,-1.570782461792322726e-01,0.000000000000000000e+00
4.275000000000000000e+03,-3.036687799631487827e-01,0.000000000000000000e+00
4.276000000000000000e+03,-2.725419108623116649e-01,0.000000000000000000e+00
4.277000000000000000e+03,-4.003088063033730104e-01,0.000000000000000000e+00
4.278000000000000000e+03,-1.122995344556814989e-01,0.000000000000000000e+00
4.279000000000000000e+03,-2.338991505092233858e-01,0.000000000000000000e+00
4.280000000000000000e+03,-1.344364716581729624e-01,0.000000000000000000e+00
4.281000000000000000e+03,-2.489205203146925560e-01,0.000000000000000000e+00
4.282000000000000000e+03,1.151012312528185561e-01,0.000000000000000000e+00
4.283000000000000000e+03,-1.010807754184786939e-01,0.000000000000000000e+00
4.284000000000000000e+03,3.425806284119661815e-01,0.000000000000000000e+00
4.285000000000000000e+03,-1.109790967154841018e-01,0.000000000000000000e+00
4.286000000000000000e+03,9.825597061039061109e-02,0.000000000000000000e+00
4.287000000000000000e+03,6.874840855072625323e-02,0.000000000000000000e+00
4.288000000000000000e+03,1.802053988142096330e-01,0.000000000000000000e+00
4.289000000000000000e+03,7.193636914432362250e-02,0.000000000000000000e+00
4.290000000000000000e+03,2.187005143461613621e-02,0.000000000000000000e+00
4.291000000000000000e+03,-1.851136418841061171e-01,0.000000000000000000e+00
4.292000000000000000e+03,3.627936168589294685e-01,0.000000000000000000e+00
4.293000000000000000e+03,2.312972864941317819e-02,0.000000000000000000e+00
4.294000000000000000e+03,6.592924583092797663e-02,0.000000000000000000e+00
4.295000000000000000e+03,1.085521010948014287e-01,0.000000000000000000e+00
4.296000000000000000e+03,2.250970893687018193e-01,0.000000000000000000e+00
4.297000000000000000e+03,2.678553529689247648e-01,0.000000000000000000e+00
4.298000000000000000e+03,5.683234275704359684e-01,0.000000000000000000e+00
4.299000000000000000e+03,5.514088011187583405e-01,0.000000000000000000e+00
4.300000000000000000e+03,4.358856352444601123e-01,0.000000000000000000e+00
4.301000000000000000e+03,8.474949805343049911e-03,0.000000000000000000e+00
4.302000000000000000e+03,-2.034032223657593064e-01,0.000000000000000000e+00
4.303000000000000000e+03,-2.658130826684877435e-01,0.000000000000000000e+00
4.304000000000000000e+03,-2.072674177412740792e-01,0.000000000000000000e+00
4.305000000000000000e+03,-1.571758252350182461e-01,0.000000000000000000e+00
4.306000000000000000e+03,1.075787857127838532e+00,0.000000000000000000e+00
4.307000000000000000e+03,6.063584344708856655e+00,0.000000000000000000e+00
4.308000000000000000e+03,-1.747246407074670493e+00,1.000000000000000000e+00
4.309000000000000000e+03,-1.709867180275698395e+00,0.000000000000000000e+00
4.310000000000000000e+03,-7.953656763593531798e-01,0.000000000000000000e+00
4.311000000000000000e+03,-9.156569119456446915e-01,0.000000000000000000e+00
4.312000000000000000e+03,-6.082104896276498973e-01,0.000000000000000000e+00
4.313000000000000000e+03,-5.876610720672242882e-01,0.000000000000000000e+00
4.314000000000000000e+03,-3.844806566643643175e-01,0.000000000000000000e+00
4.315000000000000000e+03,-3.389300118518110416e-01,0.000000000000000000e+00
4.316000000000000000e+03,-2.822512281063822015e-01,0.000000000000000000e+00
4.317000000000000000e+03,-2.960737703522137165e-01,0.000000000000000000e+00
4.318000000000000000e+03,-2.487750676744604136e-02,0.000000000000000000e+00
4.319000000000000000e+03,-1.221803955738386682e-01,0.000000000000000000e+00
4.320000000000000000e+03,1.304636832625538367e-01,0.000000000000000000e+00
4.321000000000000000e+03,1.800582675616033482e-02,0.000000000000000000e+00
4.322000000000000000e+03,2.628995292066996781e-01,0.000000000000000000e+00
4.323000000000000000e+03,1.263680160470463942e-01,0.000000000000000000e+00
4.324000000000000000e+03,1.177534298401446550e-01,0.000000000000000000e+00
4.325000000000000000e+03,-9.316981216544799327e-02,0.000000000000000000e+00
4.326000000000000000e+03,-1.427256886681209647e-01,0.000000000000000000e+00
4.327000000000000000e+03,-3.167145143762506443e-01,0.000000000000000000e+00
4.328000000000000000e+03,-2.486112504291504155e-01,0.000000000000000000e+00
4.329000000000000000e+03,-4.001217320822662571e-01,0.000000000000000000e+00
4.330000000000000000e+03,-2.980340360090807383e-01,0.000000000000000000e+00
4.331000000000000000e+03,-4.477991963895585625e-01,0.000000000000000000e+00
4.332000000000000000e+03,-9.094037754659313466e-02,0.000000000000000000e+00
4.333000000000000000e+03,-4.902439628701535379e-02,0.000000000000000000e+00
4.334000000000000000e+03,-3.229540151638066181e-02,0.000000000000000000e+00
4.335000000000000000e+03,2.527226373135349827e-02,0.000000000000000000e+00
4.336000000000000000e+03,6.522363993431558316e-02,0.000000000000000000e+00
4.337000000000000000e+03,-1.572474704062181306e-03,0.000000000000000000e+00
4.338000000000000000e+03,2.029618919501961494e-01,0.000000000000000000e+00
4.339000000000000000e+03,2.537466166241148652e-02,0.000000000000000000e+00
4.340000000000000000e+03,1.339505669386019948e-01,0.000000000000000000e+00
4.341000000000000000e+03,-9.105962136347287017e-02,0.000000000000000000e+00
4.342000000000000000e+03,1.164383571080985780e-01,0.000000000000000000e+00
4.343000000000000000e+03,9.487390376911920831e-02,0.000000000000000000e+00
4.344000000000000000e+03,1.216259315580412032e-01,0.000000000000000000e+00
4.345000000000000000e+03,5.853854446394864131e-03,0.000000000000000000e+00
4.346000000000000000e+03,2.301324722290712665e-01,0.000000000000000000e+00
4.347000000000000000e+03,-2.248088956156766693e-03,0.000000000000000000e+00
4.348000000000000000e+03,2.013296973909332321e-01,0.000000000000000000e+00
4.349000000000000000e+03,6.761659264020239424e-02,0.000000000000000000e+00
4.350000000000000000e+03,3.111878502279984970e-01,0.000000000000000000e+00
4.351000000000000000e+03,3.430927449892548498e-01,0.000000000000000000e+00
4.352000000000000000e+03,7.203889683445621195e-01,0.000000000000000000e+00
4.353000000000000000e+03,1.731657559572331306e-01,0.000000000000000000e+00
4.354000000000000000e+03,3.757803125840310926e-02,0.000000000000000000e+00
4.355000000000000000e+03,-4.359335473377242698e-01,0.000000000000000000e+00
4.356000000000000000e+03,1.271105695114505343e-02,0.000000000000000000e+00
4.357000000000000000e+03,-4.332586161927343138e-01,0.000000000000000000e+00
4.358000000000000000e+03,-3.064140510149232152e-02,0.000000000000000000e+00
4.359000000000000000e+03,4.949556506102048004e-01,0.000000000000000000e+00
4.360000000000000000e+03,5.968403742300309567e+00,0.000000000000000000e+00
4.361000000000000000e+03,-1.771997538210735579e+00,1.000000000000000000e+00
4.362000000000000000e+03,-1.904279426749726500e+00,0.000000000000000000e+00
4.363000000000000000e+03,-7.139667350307434823e-01,0.000000000000000000e+00
4.364000000000000000e+03,-9.635610920448494099e-01,0.000000000000000000e+00
4.365000000000000000e+03,-3.706967675841827958e-01,0.000000000000000000e+00
4.366000000000000000e+03,-5.383992524587815076e-01,0.000000000000000000e+00
4.367000000000000000e+03,-3.568763343609074323e-01,0.000000000000000000e+00
4.368000000000000000e+03,-3.796630363988215962e-01,0.000000000000000000e+00
4.369000000000000000e+03,-1.989099187371697608e-01,0.000000000000000000e+00
4.370000000000000000e+03,-2.031584660941507803e-01,0.000000000000000000e+00
4.371000000000000000e+03,-2.157070331881567882e-02,0.000000000000000000e+00
4.372000000000000000e+03,-8.540221727732320856e-02,0.000000000000000000e+00
4.373000000000000000e+03,5.664947463028861124e-02,0.000000000000000000e+00
4.374000000000000000e+03,-1.137284674348083141e-02,0.000000000000000000e+00
4.375000000000000000e+03,3.050681810863661303e-01,0.000000000000000000e+00
4.376000000000000000e+03,1.126523850301496543e-01,0.000000000000000000e+00
4.377000000000000000e+03,6.943539057954203897e-02,0.000000000000000000e+00
4.378000000000000000e+03,-1.348937305009834664e-01,0.000000000000000000e+00
4.379000000000000000e+03,-2.733476617907869555e-01,0.000000000000000000e+00
4.380000000000000000e+03,-3.416447499295507950e-01,0.000000000000000000e+00
4.381000000000000000e+03,-3.390170897136197681e-01,0.000000000000000000e+00
4.382000000000000000e+03,-1.592618580781469673e-01,0.000000000000000000e+00
4.383000000000000000e+03,-3.573666784256563367e-01,0.000000000000000000e+00
4.384000000000000000e+03,-3.102568763897027293e-01,0.000000000000000000e+00
4.385000000000000000e+03,-2.018591644172424149e-01,0.000000000000000000e+00
4.386000000000000000e+03,-2.108221251291037823e-01,0.000000000000000000e+00
4.387000000000000000e+03,-2.757107133803252674e-01,0.000000000000000000e+00
4.388000000000000000e+03,1.215634998871302020e-03,0.000000000000000000e+00
4.389000000000000000e+03,1.801093068238983907e-01,0.000000000000000000e+00
4.390000000000000000e+03,-3.471861009781417734e-02,0.000000000000000000e+00
4.391000000000000000e+03,7.775671360440213065e-02,0.000000000000000000e+00
4.392000000000000000e+03,1.763849642888318942e-02,0.000000000000000000e+00
4.393000000000000000e+03,4.471545548330585484e-02,0.000000000000000000e+00
4.394000000000000000e+03,-6.603870568183339840e-02,0.000000000000000000e+00
4.395000000000000000e+03,2.220769964372242555e-01,0.000000000000000000e+00
4.396000000000000000e+03,3.686754171563563082e-02,0.000000000000000000e+00
4.397000000000000000e+03,-8.136975245893168784e-02,0.000000000000000000e+00
4.398000000000000000e+03,9.944424780440151712e-02,0.000000000000000000e+00
4.399000000000000000e+03,3.667357515242779947e-02,0.000000000000000000e+00
4.400000000000000000e+03,1.999763681234195400e-01,0.000000000000000000e+00
4.401000000000000000e+03,8.220323850710849201e-02,0.000000000000000000e+00
4.402000000000000000e+03,4.951211865352919128e-01,0.000000000000000000e+00
4.403000000000000000e+03,4.922104090562913203e-01,0.000000000000000000e+00
4.404000000000000000e+03,3.110513181391019177e-01,0.000000000000000000e+00
4.405000000000000000e+03,-6.173906670778230021e-02,0.000000000000000000e+00
4.406000000000000000e+03,-3.482196144900666090e-01,0.000000000000000000e+00
4.407000000000000000e+03,-3.983782108123627014e-02,0.000000000000000000e+00
4.408000000000000000e+03,-1.591674706547311358e-01,0.000000000000000000e+00
4.409000000000000000e+03,7.081312671546297066e-02,0.000000000000000000e+00
4.410000000000000000e+03,9.616002283320890243e-01,0.000000000000000000e+00
4.411000000000000000e+03,5.847432497780233440e+00,0.000000000000000000e+00
4.412000000000000000e+03,-1.853615979102810618e+00,1.000000000000000000e+00
4.413000000000000000e+03,-1.862442258875829815e+00,0.000000000000000000e+00
4.414000000000000000e+03,-6.279129109308867474e-01,0.000000000000000000e+00
4.415000000000000000e+03,-7.335546250600933904e-01,0.000000000000000000e+00
4.416000000000000000e+03,-4.787403949364490985e-02,0.000000000000000000e+00
4.417000000000000000e+03,-3.533986248051154688e-01,0.000000000000000000e+00
4.418000000000000000e+03,-1.257657902880680301e-01,0.000000000000000000e+00
4.419000000000000000e+03,-1.950602351830212633e-01,0.000000000000000000e+00
4.420000000000000000e+03,3.789585045364762990e-03,0.000000000000000000e+00
4.421000000000000000e+03,-2.183087132944895314e-01,0.000000000000000000e+00
4.422000000000000000e+03,1.062603048916380966e-01,0.000000000000000000e+00
4.423000000000000000e+03,1.551753676439294460e-01,0.000000000000000000e+00
4.424000000000000000e+03,8.023095288198321684e-02,0.000000000000000000e+00
4.425000000000000000e+03,2.174995938509238502e-01,0.000000000000000000e+00
4.426000000000000000e+03,3.914753485742505368e-01,0.000000000000000000e+00
4.427000000000000000e+03,9.175646822068929398e-02,0.000000000000000000e+00
4.428000000000000000e+03,1.863817865147877062e-01,0.000000000000000000e+00
4.429000000000000000e+03,-1.569822654704697007e-01,0.000000000000000000e+00
4.430000000000000000e+03,-2.566375775056924380e-01,0.000000000000000000e+00
4.431000000000000000e+03,-2.430463931900668506e-01,0.000000000000000000e+00
4.432000000000000000e+03,-2.568107440784397899e-01,0.000000000000000000e+00
4.433000000000000000e+03,-3.029885218895543852e-01,0.000000000000000000e+00
4.434000000000000000e+03,-1.198354714275037675e-01,0.000000000000000000e+00
4.435000000000000000e+03,-2.598424188344719554e-01,0.000000000000000000e+00
4.436000000000000000e+03,-6.552389394166174830e-02,0.000000000000000000e+00
4.437000000000000000e+03,-5.734071583352674806e-02,0.000000000000000000e+00
4.438000000000000000e+03,3.783107718845861445e-02,0.000000000000000000e+00
4.439000000000000000e+03,1.806317022238379255e-01,0.000000000000000000e+00
4.440000000000000000e+03,1.328567876242651713e-01,0.000000000000000000e+00
4.441000000000000000e+03,2.294027544670515159e-02,0.000000000000000000e+00
4.442000000000000000e+03,3.686704847841037330e-02,0.000000000000000000e+00
4.443000000000000000e+03,1.040436336227268388e-01,0.000000000000000000e+00
4.444000000000000000e+03,1.070844024458265376e-01,0.000000000000000000e+00
4.445000000000000000e+03,1.299400124203450857e-01,0.000000000000000000e+00
4.446000000000000000e+03,1.422664084143271390e-01,0.000000000000000000e+00
4.447000000000000000e+03,-1.225379064571884002e-02,0.000000000000000000e+00
4.448000000000000000e+03,1.463058893276944772e-01,0.000000000000000000e+00
4.449000000000000000e+03,1.210357468466671804e-01,0.000000000000000000e+00
4.450000000000000000e+03,1.518597922045328286e-01,0.000000000000000000e+00
4.451000000000000000e+03,1.020172250440607581e-01,0.000000000000000000e+00
4.452000000000000000e+03,2.825211342344857712e-01,0.000000000000000000e+00
4.453000000000000000e+03,6.535565838631349211e-02,0.000000000000000000e+00
4.454000000000000000e+03,6.774843198918339970e-01,0.000000000000000000e+00
4.455000000000000000e+03,4.358550485058026447e-01,0.000000000000000000e+00
4.456000000000000000e+03,2.466214464696297737e-01,0.000000000000000000e+00
4.457000000000000000e+03,-1.569982963402095089e-01,0.000000000000000000e+00
4.458000000000000000e+03,-3.071765096278049056e-01,0.000000000000000000e+00
4.459000000000000000e+03,-4.216252233784728021e-01,0.000000000000000000e+00
4.460000000000000000e+03,-1.130653251232646844e-01,0.000000000000000000e+00
4.461000000000000000e+03,-4.238899241278848429e-01,0.000000000000000000e+00
4.462000000000000000e+03,1.508031462140037471e+00,0.000000000000000000e+00
4.463000000000000000e+03,5.520453307461899328e+00,0.000000000000000000e+00
4.464000000000000000e+03,-2.454426666111136690e+00,1.000000000000000000e+00
4.465000000000000000e+03,-1.378892427209245097e+00,0.000000000000000000e+00
4.466000000000000000e+03,-7.672664232384406313e-01,0.000000000000000000e+00
4.467000000000000000e+03,-7.939339684074393499e-01,0.000000000000000000e+00
4.468000000000000000e+03,-5.383438356667695768e-01,0.000000000000000000e+00
4.469000000000000000e+03,-4.042110294157666983e-01,0.000000000000000000e+00
4.470000000000000000e+03,-5.109808194760798727e-01,0.000000000000000000e+00
4.471000000000000000e+03,-2.762598665910596107e-01,0.000000000000000000e+00
4.472000000000000000e+03,-2.625563046189358096e-01,0.000000000000000000e+00
4.473000000000000000e+03,-1.152550997288505491e-01,0.000000000000000000e+00
4.474000000000000000e+03,-1.513367176137921100e-01,0.000000000000000000e+00
4.475000000000000000e+03,-9.855712599814071828e-02,0.000000000000000000e+00
4.476000000000000000e+03,3.090244288266608824e-02,0.000000000000000000e+00
4.477000000000000000e+03,1.795414282985491050e-01,0.000000000000000000e+00
4.478000000000000000e+03,3.086283943929317153e-01,0.000000000000000000e+00
4.479000000000000000e+03,1.411388767924290910e-01,0.000000000000000000e+00
4.480000000000000000e+03,1.783885965463650192e-01,0.000000000000000000e+00
4.481000000000000000e+03,-1.964268489920944771e-01,0.000000000000000000e+00
4.482000000000000000e+03,-1.797451148016634137e-01,0.000000000000000000e+00
4.483000000000000000e+03,-2.596528457180833915e-01,0.000000000000000000e+00
4.484000000000000000e+03,-2.630365988522910259e-01,0.000000000000000000e+00
4.485000000000000000e+03,-2.004629790388280097e-01,0.000000000000000000e+00
4.486000000000000000e+03,-1.715683343534569472e-01,0.000000000000000000e+00
4.487000000000000000e+03,-3.152686151158929917e-01,0.000000000000000000e+00
4.488000000000000000e+03,-2.517767595839900951e-01,0.000000000000000000e+00
4.489000000000000000e+03,-2.231331954066646805e-01,0.000000000000000000e+00
4.490000000000000000e+03,-1.388289152844378316e-01,0.000000000000000000e+00
4.491000000000000000e+03,-1.167086228035863066e-01,0.000000000000000000e+00
4.492000000000000000e+03,-8.959607986803484053e-03,0.000000000000000000e+00
4.493000000000000000e+03,-1.541198968985767748e-01,0.000000000000000000e+00
4.494000000000000000e+03,1.748068686688228346e-02,0.000000000000000000e+00
4.495000000000000000e+03,-3.115565265982125475e-03,0.000000000000000000e+00
4.496000000000000000e+03,-1.376615873304304002e-02,0.000000000000000000e+00
4.497000000000000000e+03,2.632757213507515986e-02,0.000000000000000000e+00
4.498000000000000000e+03,5.174763738063333299e-04,0.000000000000000000e+00
4.499000000000000000e+03,4.121053384154257232e-02,0.000000000000000000e+00
4.500000000000000000e+03,3.502117413990382569e-04,0.000000000000000000e+00
4.501000000000000000e+03,-4.116518807742243491e-02,0.000000000000000000e+00
4.502000000000000000e+03,9.949888091856035066e-02,0.000000000000000000e+00
4.503000000000000000e+03,-4.465551799243804021e-02,0.000000000000000000e+00
4.504000000000000000e+03,8.364067858096374541e-02,0.000000000000000000e+00
4.505000000000000000e+03,-1.610913861681098347e-01,0.000000000000000000e+00
4.506000000000000000e+03,3.917327233023961131e-01,0.000000000000000000e+00
4.507000000000000000e+03,1.155047823405765811e-01,0.000000000000000000e+00
4.508000000000000000e+03,6.326782496398319910e-01,0.000000000000000000e+00
4.509000000000000000e+03,3.558538204287960971e-01,0.000000000000000000e+00
4.510000000000000000e+03,3.626267894612011933e-01,0.000000000000000000e+00
4.511000000000000000e+03,-3.200269564939811073e-01,0.000000000000000000e+00
4.512000000000000000e+03,4.117421523630266506e-02,0.000000000000000000e+00
4.513000000000000000e+03,-4.848461923989090261e-01,0.000000000000000000e+00
4.514000000000000000e+03,4.204961522130926110e-02,0.000000000000000000e+00
4.515000000000000000e+03,-6.610587004870892569e-01,0.000000000000000000e+00
4.516000000000000000e+03,2.481311055221359307e+00,0.000000000000000000e+00
4.517000000000000000e+03,5.020769372578414824e+00,0.000000000000000000e+00
4.518000000000000000e+03,-2.908993497157605024e+00,1.000000000000000000e+00
4.519000000000000000e+03,-9.107199842911416487e-01,0.000000000000000000e+00
4.520000000000000000e+03,-1.230741225122055083e+00,0.000000000000000000e+00
4.521000000000000000e+03,-5.017061980824222278e-01,0.000000000000000000e+00
4.522000000000000000e+03,-8.915914701783618224e-01,0.000000000000000000e+00
4.523000000000000000e+03,-3.385322847210840425e-01,0.000000000000000000e+00
4.524000000000000000e+03,-7.168393458702886356e-01,0.000000000000000000e+00
4.525000000000000000e+03,-1.172345086632010230e-01,0.000000000000000000e+00
4.526000000000000000e+03,-3.132934796614548767e-01,0.000000000000000000e+00
4.527000000000000000e+03,-1.112633376109242456e-01,0.000000000000000000e+00
4.528000000000000000e+03,-2.497653077934747501e-01,0.000000000000000000e+00
4.529000000000000000e+03,1.515168183825572057e-01,0.000000000000000000e+00
4.530000000000000000e+03,4.968699277357929711e-02,0.000000000000000000e+00
4.531000000000000000e+03,3.364839771521832001e-01,0.000000000000000000e+00
4.532000000000000000e+03,2.546994712253294532e-02,0.000000000000000000e+00
4.533000000000000000e+03,2.448374942507001994e-01,0.000000000000000000e+00
4.534000000000000000e+03,1.346485677017767446e-01,0.000000000000000000e+00
4.535000000000000000e+03,2.175376397830339897e-02,0.000000000000000000e+00
4.536000000000000000e+03,-3.260011107938923236e-01,0.000000000000000000e+00
4.537000000000000000e+03,-1.407089833515266786e-01,0.000000000000000000e+00
4.538000000000000000e+03,-3.043672646809471027e-01,0.000000000000000000e+00
4.539000000000000000e+03,-1.616157641431621439e-01,0.000000000000000000e+00
4.540000000000000000e+03,-3.016768195913753225e-01,0.000000000000000000e+00
4.541000000000000000e+03,-2.301755020214177883e-01,0.000000000000000000e+00
4.542000000000000000e+03,-1.142729725396972595e-01,0.000000000000000000e+00
4.543000000000000000e+03,1.458046286689443014e-02,0.000000000000000000e+00
4.544000000000000000e+03,-1.309311263753425991e-01,0.000000000000000000e+00
4.545000000000000000e+03,1.047997815468237059e-01,0.000000000000000000e+00
4.546000000000000000e+03,-1.992814374293127438e-02,0.000000000000000000e+00
4.547000000000000000e+03,2.100219517560597549e-01,0.000000000000000000e+00
4.548000000000000000e+03,1.186025108990627630e-01,0.000000000000000000e+00
4.549000000000000000e+03,2.662515477906294281e-01,0.000000000000000000e+00
4.550000000000000000e+03,8.648891944402209431e-02,0.000000000000000000e+00
4.551000000000000000e+03,1.166771784125693323e-01,0.000000000000000000e+00
4.552000000000000000e+03,8.064205947542926745e-02,0.000000000000000000e+00
4.553000000000000000e+03,1.508783330369713183e-01,0.000000000000000000e+00
4.554000000000000000e+03,1.900834643301851923e-02,0.000000000000000000e+00
4.555000000000000000e+03,2.663712956383493258e-01,0.000000000000000000e+00
4.556000000000000000e+03,-6.423630115780303365e-03,0.000000000000000000e+00
4.557000000000000000e+03,2.754220996527731447e-01,0.000000000000000000e+00
4.558000000000000000e+03,5.753216611713523471e-02,0.000000000000000000e+00
4.559000000000000000e+03,2.619581376318326216e-01,0.000000000000000000e+00
4.560000000000000000e+03,1.024842563061227618e-01,0.000000000000000000e+00
4.561000000000000000e+03,4.208158451975782532e-01,0.000000000000000000e+00
4.562000000000000000e+03,3.495266814283309875e-01,0.000000000000000000e+00
4.563000000000000000e+03,8.674586972423378173e-01,0.000000000000000000e+00
4.564000000000000000e+03,4.435829010801277117e-01,0.000000000000000000e+00
4.565000000000000000e+03,3.423596445205394079e-01,0.000000000000000000e+00
4.566000000000000000e+03,-3.883152690465490608e-01,0.000000000000000000e+00
4.567000000000000000e+03,1.050099399908327180e-01,0.000000000000000000e+00
4.568000000000000000e+03,-5.084421462876450581e-01,0.000000000000000000e+00
4.569000000000000000e+03,4.300271733986916201e-01,0.000000000000000000e+00
4.570000000000000000e+03,-3.733140072193589787e-01,0.000000000000000000e+00
4.571000000000000000e+03,5.814517047798531735e+00,0.000000000000000000e+00
4.572000000000000000e+03,5.562203812130419589e-01,1.000000000000000000e+00
4.573000000000000000e+03,-2.879563391580082676e+00,0.000000000000000000e+00
4.574000000000000000e+03,-3.714227769922039402e-01,0.000000000000000000e+00
4.575000000000000000e+03,-1.258465007703221339e+00,0.000000000000000000e+00
4.576000000000000000e+03,-2.972572918141028198e-01,0.000000000000000000e+00
4.577000000000000000e+03,-9.262504401100457585e-01,0.000000000000000000e+00
4.578000000000000000e+03,-2.114973236222993658e-01,0.000000000000000000e+00
4.579000000000000000e+03,-6.566598413505436715e-01,0.000000000000000000e+00
4.580000000000000000e+03,-1.180574412171810500e-01,0.000000000000000000e+00
4.581000000000000000e+03,-5.517606611911732850e-01,0.000000000000000000e+00
4.582000000000000000e+03,9.185395270794836919e-02,0.000000000000000000e+00
4.583000000000000000e+03,-3.329191323643801992e-01,0.000000000000000000e+00
4.584000000000000000e+03,1.547843719093590642e-01,0.000000000000000000e+00
4.585000000000000000e+03,1.571747190758161078e-02,0.000000000000000000e+00
4.586000000000000000e+03,2.702126254782515891e-01,0.000000000000000000e+00
4.587000000000000000e+03,5.566881292885500487e-02,0.000000000000000000e+00
4.588000000000000000e+03,2.131533059085950477e-01,0.000000000000000000e+00
4.589000000000000000e+03,-2.890132821239969063e-01,0.000000000000000000e+00
4.590000000000000000e+03,-4.083870035477234900e-02,0.000000000000000000e+00
4.591000000000000000e+03,-4.364583244656040084e-01,0.000000000000000000e+00
4.592000000000000000e+03,-2.043183924976100796e-01,0.000000000000000000e+00
4.593000000000000000e+03,-4.435153697250017180e-01,0.000000000000000000e+00
4.594000000000000000e+03,-2.131858587816901351e-01,0.000000000000000000e+00
4.595000000000000000e+03,-3.844822450836183347e-01,0.000000000000000000e+00
4.596000000000000000e+03,-3.364126777648670519e-01,0.000000000000000000e+00
4.597000000000000000e+03,-2.841468852282061919e-01,0.000000000000000000e+00
4.598000000000000000e+03,1.596928646567084484e-02,0.000000000000000000e+00
4.599000000000000000e+03,-2.218731030154317274e-01,0.000000000000000000e+00
4.600000000000000000e+03,1.573087907807423358e-01,0.000000000000000000e+00
4.601000000000000000e+03,-1.854568691210600195e-01,0.000000000000000000e+00
4.602000000000000000e+03,1.353252550836779033e-01,0.000000000000000000e+00
4.603000000000000000e+03,-1.168843563547161818e-01,0.000000000000000000e+00
4.604000000000000000e+03,7.474845402341454004e-02,0.000000000000000000e+00
4.605000000000000000e+03,8.427848589982120386e-02,0.000000000000000000e+00
4.606000000000000000e+03,1.068862902986171953e-01,0.000000000000000000e+00
4.607000000000000000e+03,5.800850852351113751e-02,0.000000000000000000e+00
4.608000000000000000e+03,1.319119335118250635e-01,0.000000000000000000e+00
4.609000000000000000e+03,-8.536659230375287510e-02,0.000000000000000000e+00
4.610000000000000000e+03,1.673877755362102593e-01,0.000000000000000000e+00
4.611000000000000000e+03,8.828818814694192052e-02,0.000000000000000000e+00
4.612000000000000000e+03,1.415857639771260501e-01,0.000000000000000000e+00
4.613000000000000000e+03,9.927372150706761933e-02,0.000000000000000000e+00
4.614000000000000000e+03,3.376761235691147500e-01,0.000000000000000000e+00
4.615000000000000000e+03,3.510627617248599508e-01,0.000000000000000000e+00
4.616000000000000000e+03,6.538968782039141781e-01,0.000000000000000000e+00
4.617000000000000000e+03,4.191482008043783125e-01,0.000000000000000000e+00
4.618000000000000000e+03,-1.402011627517862624e-01,0.000000000000000000e+00
4.619000000000000000e+03,-3.994257284146802145e-01,0.000000000000000000e+00
4.620000000000000000e+03,-2.026245265422123853e-01,0.000000000000000000e+00
4.621000000000000000e+03,-3.882985839091547819e-01,0.000000000000000000e+00
4.622000000000000000e+03,1.642347982683365626e-01,0.000000000000000000e+00
4.623000000000000000e+03,6.340674744144596531e-01,0.000000000000000000e+00
4.624000000000000000e+03,5.835704344802548071e+00,0.000000000000000000e+00
4.625000000000000000e+03,-1.640259512623092775e+00,1.000000000000000000e+00
4.626000000000000000e+03,-2.004827649041399873e+00,0.000000000000000000e+00
4.627000000000000000e+03,-4.636128779011818857e-01,0.000000000000000000e+00
4.628000000000000000e+03,-9.343723007756534749e-01,0.000000000000000000e+00
4.629000000000000000e+03,-3.814656482579202867e-01,0.000000000000000000e+00
4.630000000000000000e+03,-4.395286691068374663e-01,0.000000000000000000e+00
4.631000000000000000e+03,-2.185587575787244219e-01,0.000000000000000000e+00
4.632000000000000000e+03,-3.251693713839691746e-01,0.000000000000000000e+00
4.633000000000000000e+03,-1.594616403790440617e-01,0.000000000000000000e+00
4.634000000000000000e+03,-2.364232308751636757e-01,0.000000000000000000e+00
4.635000000000000000e+03,-6.134635357467493194e-02,0.000000000000000000e+00
4.636000000000000000e+03,-8.870834520319515956e-03,0.000000000000000000e+00
4.637000000000000000e+03,1.110363454423864693e-01,0.000000000000000000e+00
4.638000000000000000e+03,-2.615838250938197843e-02,0.000000000000000000e+00
4.639000000000000000e+03,3.240163405680575592e-01,0.000000000000000000e+00
4.640000000000000000e+03,1.913725497493283800e-01,0.000000000000000000e+00
4.641000000000000000e+03,7.016757901223713567e-02,0.000000000000000000e+00
4.642000000000000000e+03,-2.010812611737503031e-01,0.000000000000000000e+00
4.643000000000000000e+03,-1.744619391138156339e-01,0.000000000000000000e+00
4.644000000000000000e+03,-3.348816122839869402e-01,0.000000000000000000e+00
4.645000000000000000e+03,-2.710586769979565491e-01,0.000000000000000000e+00
4.646000000000000000e+03,-3.021151256827379061e-01,0.000000000000000000e+00
4.647000000000000000e+03,-2.490105216160939106e-01,0.000000000000000000e+00
4.648000000000000000e+03,-2.964121182376022734e-01,0.000000000000000000e+00
4.649000000000000000e+03,-1.450419330384240812e-01,0.000000000000000000e+00
4.650000000000000000e+03,-1.538752460063682326e-01,0.000000000000000000e+00
4.651000000000000000e+03,-1.115412146292892037e-01,0.000000000000000000e+00
4.652000000000000000e+03,9.183335322819693655e-03,0.000000000000000000e+00
4.653000000000000000e+03,4.951473066424602609e-02,0.000000000000000000e+00
4.654000000000000000e+03,-6.472799224546305595e-03,0.000000000000000000e+00
4.655000000000000000e+03,1.010749711628113195e-01,0.000000000000000000e+00
4.656000000000000000e+03,4.439964071467351198e-02,0.000000000000000000e+00
4.657000000000000000e+03,1.205562792013128298e-01,0.000000000000000000e+00
4.658000000000000000e+03,-6.091491167815075297e-03,0.000000000000000000e+00
4.659000000000000000e+03,-4.079130159588931909e-02,0.000000000000000000e+00
4.660000000000000000e+03,1.846871724627606112e-02,0.000000000000000000e+00
4.661000000000000000e+03,1.906922337486633423e-01,0.000000000000000000e+00
4.662000000000000000e+03,1.694777175809206171e-01,0.000000000000000000e+00
4.663000000000000000e+03,2.060472652438875563e-01,0.000000000000000000e+00
4.664000000000000000e+03,6.015294010168672351e-02,0.000000000000000000e+00
4.665000000000000000e+03,4.216498851124469982e-01,0.000000000000000000e+00
4.666000000000000000e+03,2.305668647194821785e-01,0.000000000000000000e+00
4.667000000000000000e+03,8.608443445166178432e-01,0.000000000000000000e+00
4.668000000000000000e+03,3.069413078530920380e-01,0.000000000000000000e+00
4.669000000000000000e+03,3.663369969947852800e-01,0.000000000000000000e+00
4.670000000000000000e+03,-5.159526088576782410e-01,0.000000000000000000e+00
4.671000000000000000e+03,9.220663585034521992e-02,0.000000000000000000e+00
4.672000000000000000e+03,-5.704413652128693668e-01,0.000000000000000000e+00
4.673000000000000000e+03,4.485200492348413448e-01,0.000000000000000000e+00
4.674000000000000000e+03,-6.176769930195432634e-01,0.000000000000000000e+00
4.675000000000000000e+03,4.680682167853196241e+00,0.000000000000000000e+00
4.676000000000000000e+03,2.089017139999106210e+00,1.000000000000000000e+00
4.677000000000000000e+03,-3.553292779318210304e+00,0.000000000000000000e+00
4.678000000000000000e+03,-1.811099244852636403e-01,0.000000000000000000e+00
4.679000000000000000e+03,-1.436420933263077071e+00,0.000000000000000000e+00
4.680000000000000000e+03,-1.802573071916598602e-01,0.000000000000000000e+00
4.681000000000000000e+03,-8.678320976177839041e-01,0.000000000000000000e+00
4.682000000000000000e+03,-3.906074381951008673e-02,0.000000000000000000e+00
4.683000000000000000e+03,-5.806406535809750524e-01,0.000000000000000000e+00
4.684000000000000000e+03,-1.060615357406902021e-01,0.000000000000000000e+00
4.685000000000000000e+03,-4.044725582663242225e-01,0.000000000000000000e+00
4.686000000000000000e+03,1.088804789695693581e-01,0.000000000000000000e+00
4.687000000000000000e+03,-3.063666425407998717e-01,0.000000000000000000e+00
4.688000000000000000e+03,3.688876634143686273e-01,0.000000000000000000e+00
4.689000000000000000e+03,-3.112830356342052504e-02,0.000000000000000000e+00
4.690000000000000000e+03,3.518478424665942850e-01,0.000000000000000000e+00
4.691000000000000000e+03,2.457318277139212692e-01,0.000000000000000000e+00
4.692000000000000000e+03,2.898316357549181599e-01,0.000000000000000000e+00
4.693000000000000000e+03,-2.950339539087383153e-02,0.000000000000000000e+00
4.694000000000000000e+03,5.928787707584216859e-02,0.000000000000000000e+00
4.695000000000000000e+03,-2.114951998320796778e-01,0.000000000000000000e+00
4.696000000000000000e+03,-1.700125441287813066e-01,0.000000000000000000e+00
4.697000000000000000e+03,-2.882657666966969012e-01,0.000000000000000000e+00
4.698000000000000000e+03,-7.568023279897020950e-02,0.000000000000000000e+00
4.699000000000000000e+03,-2.765224865566253687e-01,0.000000000000000000e+00
4.700000000000000000e+03,-1.469108799395135723e-02,0.000000000000000000e+00
4.701000000000000000e+03,-2.370218047827989671e-01,0.000000000000000000e+00
4.702000000000000000e+03,-3.382949326849926663e-02,0.000000000000000000e+00
4.703000000000000000e+03,-1.221644623088227327e-01,0.000000000000000000e+00
4.704000000000000000e+03,1.633809283628359088e-01,0.000000000000000000e+00
4.705000000000000000e+03,-1.082485611022965810e-01,0.000000000000000000e+00
4.706000000000000000e+03,1.349053833824798709e-01,0.000000000000000000e+00
4.707000000000000000e+03,-1.627052769171402624e-02,0.000000000000000000e+00
4.708000000000000000e+03,1.765710767069483544e-01,0.000000000000000000e+00
4.709000000000000000e+03,1.725932960376445544e-02,0.000000000000000000e+00
4.710000000000000000e+03,1.730449302980323345e-01,0.000000000000000000e+00
4.711000000000000000e+03,-2.278263967844453702e-02,0.000000000000000000e+00
4.712000000000000000e+03,1.221564351798400533e-01,0.000000000000000000e+00
4.713000000000000000e+03,5.327393984473780680e-02,0.000000000000000000e+00
4.714000000000000000e+03,2.162192554055120397e-01,0.000000000000000000e+00
4.715000000000000000e+03,-4.150386566425158519e-02,0.000000000000000000e+00
4.716000000000000000e+03,1.127955368076784815e-01,0.000000000000000000e+00
4.717000000000000000e+03,8.225786510548462049e-02,0.000000000000000000e+00
4.718000000000000000e+03,3.861738577183351784e-01,0.000000000000000000e+00
4.719000000000000000e+03,1.859460124041881490e-01,0.000000000000000000e+00
4.720000000000000000e+03,4.413317398700046246e-01,0.000000000000000000e+00
4.721000000000000000e+03,5.039071483631559767e-01,0.000000000000000000e+00
4.722000000000000000e+03,4.139956963131143364e-01,0.000000000000000000e+00
4.723000000000000000e+03,-1.303074010479910727e-01,0.000000000000000000e+00
4.724000000000000000e+03,-3.987359379679829563e-01,0.000000000000000000e+00
4.725000000000000000e+03,-2.539120384435621380e-01,0.000000000000000000e+00
4.726000000000000000e+03,-2.734826893375741919e-01,0.000000000000000000e+00
4.727000000000000000e+03,-1.460295388387350124e-01,0.000000000000000000e+00
4.728000000000000000e+03,6.007085384032283537e-01,0.000000000000000000e+00
4.729000000000000000e+03,5.921254240444198125e+00,0.000000000000000000e+00
4.730000000000000000e+03,-1.248871796288788971e+00,1.000000000000000000e+00
4.731000000000000000e+03,-2.083305284020813719e+00,0.000000000000000000e+00
4.732000000000000000e+03,-4.930514495279115228e-01,0.000000000000000000e+00
4.733000000000000000e+03,-1.043275272009905663e+00,0.000000000000000000e+00
4.734000000000000000e+03,-3.362314433434240857e-01,0.000000000000000000e+00
4.735000000000000000e+03,-7.413227726927515970e-01,0.000000000000000000e+00
4.736000000000000000e+03,-2.288444671239976136e-01,0.000000000000000000e+00
4.737000000000000000e+03,-5.699555608735445977e-01,0.000000000000000000e+00
4.738000000000000000e+03,-1.017624673315589978e-01,0.000000000000000000e+00
4.739000000000000000e+03,-4.620864605838767014e-01,0.000000000000000000e+00
4.740000000000000000e+03,2.697005470733499985e-02,0.000000000000000000e+00
4.741000000000000000e+03,-2.145773839603608846e-01,0.000000000000000000e+00
4.742000000000000000e+03,1.166866759404999176e-01,0.000000000000000000e+00
4.743000000000000000e+03,-1.370626961758656948e-01,0.000000000000000000e+00
4.744000000000000000e+03,2.288649087017942674e-01,0.000000000000000000e+00
4.745000000000000000e+03,8.886160887676007591e-02,0.000000000000000000e+00
4.746000000000000000e+03,2.426687302124502787e-01,0.000000000000000000e+00
4.747000000000000000e+03,-1.125336869622158287e-01,0.000000000000000000e+00
4.748000000000000000e+03,-2.419889968284344162e-01,0.000000000000000000e+00
4.749000000000000000e+03,-4.170848756924654399e-01,0.000000000000000000e+00
4.750000000000000000e+03,-2.493645446929019516e-01,0.000000000000000000e+00
4.751000000000000000e+03,-3.140214459608445252e-01,0.000000000000000000e+00
4.752000000000000000e+03,-1.685898838163307212e-01,0.000000000000000000e+00
4.753000000000000000e+03,-3.331629972797637840e-01,0.000000000000000000e+00
4.754000000000000000e+03,-1.267756804499308720e-01,0.000000000000000000e+00
4.755000000000000000e+03,-4.180862432951670260e-01,0.000000000000000000e+00
4.756000000000000000e+03,-3.667842004882827106e-02,0.000000000000000000e+00
4.757000000000000000e+03,-7.594831443975567919e-02,0.000000000000000000e+00
4.758000000000000000e+03,5.480228242024825364e-02,0.000000000000000000e+00
4.759000000000000000e+03,1.479207530752397505e-02,0.000000000000000000e+00
4.760000000000000000e+03,1.103819706486583035e-01,0.000000000000000000e+00
4.761000000000000000e+03,1.541293533580486048e-02,0.000000000000000000e+00
4.762000000000000000e+03,3.076240362372515968e-01,0.000000000000000000e+00
4.763000000000000000e+03,-9.551774763422200831e-02,0.000000000000000000e+00
4.764000000000000000e+03,2.671663440683882396e-01,0.000000000000000000e+00
4.765000000000000000e+03,-9.200587870363897969e-02,0.000000000000000000e+00
4.766000000000000000e+03,2.043638779193153454e-01,0.000000000000000000e+00
4.767000000000000000e+03,-1.099686446933141049e-01,0.000000000000000000e+00
4.768000000000000000e+03,2.715812141333153740e-01,0.000000000000000000e+00
4.769000000000000000e+03,-1.365512842368505342e-01,0.000000000000000000e+00
4.770000000000000000e+03,4.366838297004823066e-01,0.000000000000000000e+00
4.771000000000000000e+03,-7.184990798598239747e-02,0.000000000000000000e+00
4.772000000000000000e+03,2.208797606525104151e-01,0.000000000000000000e+00
4.773000000000000000e+03,-1.477057918904712761e-02,0.000000000000000000e+00
4.774000000000000000e+03,2.748504660217065965e-01,0.000000000000000000e+00
4.775000000000000000e+03,2.284700686495331756e-01,0.000000000000000000e+00
4.776000000000000000e+03,8.262307407049389596e-01,0.000000000000000000e+00
4.777000000000000000e+03,4.051661026543257882e-01,0.000000000000000000e+00
4.778000000000000000e+03,3.481476408986115545e-01,0.000000000000000000e+00
4.779000000000000000e+03,-4.698156161121939123e-01,0.000000000000000000e+00
4.780000000000000000e+03,2.205073806562959648e-01,0.000000000000000000e+00
4.781000000000000000e+03,-7.576440465705062133e-01,0.000000000000000000e+00
4.782000000000000000e+03,5.105315214637817789e-01,0.000000000000000000e+00
4.783000000000000000e+03,-4.633672813819151859e-01,0.000000000000000000e+00
4.784000000000000000e+03,5.790716782113152661e+00,0.000000000000000000e+00
4.785000000000000000e+03,8.733104574224279659e-01,1.000000000000000000e+00
4.786000000000000000e+03,-2.808505955350415917e+00,0.000000000000000000e+00
4.787000000000000000e+03,-4.223601605029526085e-01,0.000000000000000000e+00
4.788000000000000000e+03,-1.289181068130301533e+00,0.000000000000000000e+00
4.789000000000000000e+03,-5.019664809924831994e-01,0.000000000000000000e+00
4.790000000000000000e+03,-6.827835890829695442e-01,0.000000000000000000e+00
4.791000000000000000e+03,-3.607377452136267815e-01,0.000000000000000000e+00
4.792000000000000000e+03,-5.197061783865994933e-01,0.000000000000000000e+00
4.793000000000000000e+03,-2.965483340458379691e-01,0.000000000000000000e+00
4.794000000000000000e+03,-5.279417703253550531e-01,0.000000000000000000e+00
4.795000000000000000e+03,-1.815020226184863306e-01,0.000000000000000000e+00
4.796000000000000000e+03,-7.329932495018662286e-02,0.000000000000000000e+00
4.797000000000000000e+03,-2.472959766748442437e-02,0.000000000000000000e+00
4.798000000000000000e+03,1.756127821328787586e-01,0.000000000000000000e+00
4.799000000000000000e+03,2.407746402438689093e-01,0.000000000000000000e+00
4.800000000000000000e+03,1.969751886052032996e-01,0.000000000000000000e+00
4.801000000000000000e+03,2.929457799513692784e-01,0.000000000000000000e+00
4.802000000000000000e+03,-2.352845797416800583e-02,0.000000000000000000e+00
4.803000000000000000e+03,-1.300811149222399765e-01,0.000000000000000000e+00
4.804000000000000000e+03,-2.581475375411784179e-01,0.000000000000000000e+00
4.805000000000000000e+03,-1.311180085758059111e-01,0.000000000000000000e+00
4.806000000000000000e+03,-3.027475096955738465e-01,0.000000000000000000e+00
4.807000000000000000e+03,-2.702095828520985621e-01,0.000000000000000000e+00
4.808000000000000000e+03,-2.947977175330749877e-01,0.000000000000000000e+00
4.809000000000000000e+03,-1.093062289321610064e-01,0.000000000000000000e+00
4.810000000000000000e+03,-1.744002538219732723e-01,0.000000000000000000e+00
4.811000000000000000e+03,-1.206696317774255262e-01,0.000000000000000000e+00
4.812000000000000000e+03,-1.544870462187847293e-01,0.000000000000000000e+00
4.813000000000000000e+03,-6.860480072241788296e-02,0.000000000000000000e+00
4.814000000000000000e+03,6.370381785770697254e-03,0.000000000000000000e+00
4.815000000000000000e+03,1.744131626050033634e-01,0.000000000000000000e+00
4.816000000000000000e+03,2.132230129503942528e-02,0.000000000000000000e+00
4.817000000000000000e+03,2.638699587198987950e-02,0.000000000000000000e+00
4.818000000000000000e+03,9.789548408509188282e-02,0.000000000000000000e+00
4.819000000000000000e+03,9.224281080060441063e-02,0.000000000000000000e+00
4.820000000000000000e+03,6.464183867871786671e-02,0.000000000000000000e+00
4.821000000000000000e+03,1.144581001424189309e-01,0.000000000000000000e+00
4.822000000000000000e+03,1.229912832159120173e-01,0.000000000000000000e+00
4.823000000000000000e+03,8.639040594126189132e-02,0.000000000000000000e+00
4.824000000000000000e+03,1.635740286844915015e-01,0.000000000000000000e+00
4.825000000000000000e+03,-3.413839412089268721e-02,0.000000000000000000e+00
4.826000000000000000e+03,1.815254830955772836e-01,0.000000000000000000e+00
4.827000000000000000e+03,1.644211618497840310e-01,0.000000000000000000e+00
4.828000000000000000e+03,1.904713704931908502e-01,0.000000000000000000e+00
4.829000000000000000e+03,3.246656309042026400e-01,0.000000000000000000e+00
4.830000000000000000e+03,3.568319721952677992e-01,0.000000000000000000e+00
4.831000000000000000e+03,5.758238540837389285e-01,0.000000000000000000e+00
4.832000000000000000e+03,3.953725647644801833e-01,0.000000000000000000e+00
4.833000000000000000e+03,-2.768239565545206893e-01,0.000000000000000000e+00
4.834000000000000000e+03,1.092571422539634352e-02,0.000000000000000000e+00
4.835000000000000000e+03,-3.346243921550514644e-01,0.000000000000000000e+00
4.836000000000000000e+03,5.429854201679497339e-02,0.000000000000000000e+00
4.837000000000000000e+03,-3.323632834729260965e-01,0.000000000000000000e+00
4.838000000000000000e+03,2.306183916763180797e+00,0.000000000000000000e+00
4.839000000000000000e+03,5.141558490649444479e+00,0.000000000000000000e+00
4.840000000000000000e+03,-3.078693170461768602e+00,1.000000000000000000e+00
4.841000000000000000e+03,-1.039807144105516779e+00,0.000000000000000000e+00
4.842000000000000000e+03,-9.880815590428604356e-01,0.000000000000000000e+00
4.843000000000000000e+03,-5.417938885400476190e-01,0.000000000000000000e+00
4.844000000000000000e+03,-5.039442822663541266e-01,0.000000000000000000e+00
4.845000000000000000e+03,-4.528596854952567363e-01,0.000000000000000000e+00
4.846000000000000000e+03,-4.197074430434689640e-01,0.000000000000000000e+00
4.847000000000000000e+03,-2.613795378216486331e-01,0.000000000000000000e+00
4.848000000000000000e+03,-3.012692222449329660e-01,0.000000000000000000e+00
4.849000000000000000e+03,-4.017231798768317597e-01,0.000000000000000000e+00
4.850000000000000000e+03,4.971109793421305684e-02,0.000000000000000000e+00
4.851000000000000000e+03,1.233049949519166716e-02,0.000000000000000000e+00
4.852000000000000000e+03,2.734334464106679893e-02,0.000000000000000000e+00
4.853000000000000000e+03,1.932906102468044673e-01,0.000000000000000000e+00
4.854000000000000000e+03,9.161865904517556281e-02,0.000000000000000000e+00
4.855000000000000000e+03,2.970002957202697580e-01,0.000000000000000000e+00
4.856000000000000000e+03,-2.277769197189359260e-02,0.000000000000000000e+00
4.857000000000000000e+03,-5.199291438099230833e-02,0.000000000000000000e+00
4.858000000000000000e+03,-3.612933484764410119e-01,0.000000000000000000e+00
4.859000000000000000e+03,-2.268401181062432714e-01,0.000000000000000000e+00
4.860000000000000000e+03,-4.303110116463721435e-01,0.000000000000000000e+00
4.861000000000000000e+03,-3.336510490340248714e-01,0.000000000000000000e+00
4.862000000000000000e+03,-5.072420276764760816e-01,0.000000000000000000e+00
4.863000000000000000e+03,-2.082319790592148667e-01,0.000000000000000000e+00
4.864000000000000000e+03,-2.514280082990824061e-01,0.000000000000000000e+00
4.865000000000000000e+03,-2.293116882821550143e-02,0.000000000000000000e+00
4.866000000000000000e+03,-3.884067356817130223e-01,0.000000000000000000e+00
4.867000000000000000e+03,-1.148838923037569584e-02,0.000000000000000000e+00
4.868000000000000000e+03,3.924666675979493480e-02,0.000000000000000000e+00
4.869000000000000000e+03,7.104249988086407119e-02,0.000000000000000000e+00
4.870000000000000000e+03,-2.955445286733232937e-02,0.000000000000000000e+00
4.871000000000000000e+03,-8.099514666979093502e-02,0.000000000000000000e+00
4.872000000000000000e+03,-1.683562276048203854e-01,0.000000000000000000e+00
4.873000000000000000e+03,1.276707125654742148e-01,0.000000000000000000e+00
4.874000000000000000e+03,4.767964001528290224e-02,0.000000000000000000e+00
4.875000000000000000e+03,9.386083401577692553e-02,0.000000000000000000e+00
4.876000000000000000e+03,-6.501565783769586160e-02,0.000000000000000000e+00
4.877000000000000000e+03,1.630651005035347600e-01,0.000000000000000000e+00
4.878000000000000000e+03,1.084620512040465196e-01,0.000000000000000000e+00
4.879000000000000000e+03,1.982245262921226714e-01,0.000000000000000000e+00
4.880000000000000000e+03,1.506251808761885913e-01,0.000000000000000000e+00
4.881000000000000000e+03,2.666690946071497148e-01,0.000000000000000000e+00
4.882000000000000000e+03,3.050076482434828096e-01,0.000000000000000000e+00
4.883000000000000000e+03,6.414450660313434360e-01,0.000000000000000000e+00
4.884000000000000000e+03,5.133706517271957592e-01,0.000000000000000000e+00
4.885000000000000000e+03,1.836632713502230618e-01,0.000000000000000000e+00
4.886000000000000000e+03,-3.798557817987377461e-01,0.000000000000000000e+00
4.887000000000000000e+03,-5.294749295679242185e-02,0.000000000000000000e+00
4.888000000000000000e+03,-6.186836099065322614e-01,0.000000000000000000e+00
4.889000000000000000e+03,2.791366988169631802e-01,0.000000000000000000e+00
4.890000000000000000e+03,-2.145728729556304615e-01,0.000000000000000000e+00
4.891000000000000000e+03,5.761418598994272777e+00,0.000000000000000000e+00
4.892000000000000000e+03,-1.202267028358130485e-01,1.000000000000000000e+00
4.893000000000000000e+03,-2.925454789379934084e+00,0.000000000000000000e+00
4.894000000000000000e+03,-2.071440197220526525e-01,0.000000000000000000e+00
4.895000000000000000e+03,-1.193607468700595531e+00,0.000000000000000000e+00
4.896000000000000000e+03,-1.522754943455318921e-01,0.000000000000000000e+00
4.897000000000000000e+03,-6.062005410895915380e-01,0.000000000000000000e+00
4.898000000000000000e+03,-7.862729816454185061e-02,0.000000000000000000e+00
4.899000000000000000e+03,-5.381770567141898054e-01,0.000000000000000000e+00
4.900000000000000000e+03,-2.377075899267488274e-02,0.000000000000000000e+00
4.901000000000000000e+03,-3.471477516344209091e-01,0.000000000000000000e+00
4.902000000000000000e+03,1.571363125570464925e-01,0.000000000000000000e+00
4.903000000000000000e+03,-2.804196951507870739e-01,0.000000000000000000e+00
4.904000000000000000e+03,1.843388798295864106e-01,0.000000000000000000e+00
4.905000000000000000e+03,1.486401998094759869e-01,0.000000000000000000e+00
4.906000000000000000e+03,3.412259950275388087e-01,0.000000000000000000e+00
4.907000000000000000e+03,2.474009812364107441e-01,0.000000000000000000e+00
4.908000000000000000e+03,2.924081379366417766e-01,0.000000000000000000e+00
4.909000000000000000e+03,-1.385958250865879926e-01,0.000000000000000000e+00
4.910000000000000000e+03,8.644674086133140312e-02,0.000000000000000000e+00
4.911000000000000000e+03,-3.472090535821817925e-01,0.000000000000000000e+00
4.912000000000000000e+03,-1.609883797505282377e-01,0.000000000000000000e+00
4.913000000000000000e+03,-2.515846362283955528e-01,0.000000000000000000e+00
4.914000000000000000e+03,-1.226178298048013898e-01,0.000000000000000000e+00
4.915000000000000000e+03,-2.236607764791762321e-01,0.000000000000000000e+00
4.916000000000000000e+03,-9.038648626153117371e-02,0.000000000000000000e+00
4.917000000000000000e+03,-2.368991851723522557e-01,0.000000000000000000e+00
4.918000000000000000e+03,3.922852385913715156e-02,0.000000000000000000e+00
4.919000000000000000e+03,-1.474278634586198289e-01,0.000000000000000000e+00
4.920000000000000000e+03,2.164294985076470612e-01,0.000000000000000000e+00
4.921000000000000000e+03,-8.503164183180060565e-02,0.000000000000000000e+00
4.922000000000000000e+03,1.949982198335753480e-01,0.000000000000000000e+00
4.923000000000000000e+03,-1.823633031690886225e-02,0.000000000000000000e+00
4.924000000000000000e+03,1.954043952992080557e-01,0.000000000000000000e+00
4.925000000000000000e+03,-2.075301081054440611e-01,0.000000000000000000e+00
4.926000000000000000e+03,1.910594830819700440e-01,0.000000000000000000e+00
4.927000000000000000e+03,-1.107438832651832655e-01,0.000000000000000000e+00
4.928000000000000000e+03,2.278535183160509403e-01,0.000000000000000000e+00
4.929000000000000000e+03,1.165563295593306375e-01,0.000000000000000000e+00
4.930000000000000000e+03,8.043453607383228843e-02,0.000000000000000000e+00
4.931000000000000000e+03,6.050993437999985930e-02,0.000000000000000000e+00
4.932000000000000000e+03,7.093075126221863591e-02,0.000000000000000000e+00
4.933000000000000000e+03,1.276220582263897230e-01,0.000000000000000000e+00
4.934000000000000000e+03,3.552549222626950609e-01,0.000000000000000000e+00
4.935000000000000000e+03,1.282305550901469693e-01,0.000000000000000000e+00
4.936000000000000000e+03,6.960402260759632753e-01,0.000000000000000000e+00
4.937000000000000000e+03,3.852158304406158584e-01,0.000000000000000000e+00
4.938000000000000000e+03,6.086861287553740896e-01,0.000000000000000000e+00
4.939000000000000000e+03,-4.148485390364674008e-01,0.000000000000000000e+00
4.940000000000000000e+03,-1.922227945357933565e-02,0.000000000000000000e+00
4.941000000000000000e+03,-5.198193231645060752e-01,0.000000000000000000e+00
4.942000000000000000e+03,2.676060304559776948e-01,0.000000000000000000e+00
4.943000000000000000e+03,-7.720335231212683835e-01,0.000000000000000000e+00
4.944000000000000000e+03,2.919582617416062398e+00,0.000000000000000000e+00
4.945000000000000000e+03,4.657245150987641580e+00,0.000000000000000000e+00
4.946000000000000000e+03,-3.246016284767540228e+00,1.000000000000000000e+00
4.947000000000000000e+03,-6.547630913705891897e-01,0.000000000000000000e+00
4.948000000000000000e+03,-1.348844198407066264e+00,0.000000000000000000e+00
4.949000000000000000e+03,-5.392327167381769648e-01,0.000000000000000000e+00
4.950000000000000000e+03,-8.003685430558099556e-01,0.000000000000000000e+00
4.951000000000000000e+03,-3.288250678989959597e-01,0.000000000000000000e+00
4.952000000000000000e+03,-5.856179861047321467e-01,0.000000000000000000e+00
4.953000000000000000e+03,-3.252299962922794996e-01,0.000000000000000000e+00
4.954000000000000000e+03,-5.315345954593864164e-01,0.000000000000000000e+00
4.955000000000000000e+03,-2.249867306198160000e-01,0.000000000000000000e+00
4.956000000000000000e+03,-3.764139447142390016e-01,0.000000000000000000e+00
4.957000000000000000e+03,-1.069579623843798857e-02,0.000000000000000000e+00
4.958000000000000000e+03,-5.852951961200051484e-02,0.000000000000000000e+00
4.959000000000000000e+03,1.024130547929903851e-01,0.000000000000000000e+00
4.960000000000000000e+03,2.117395781727449966e-01,0.000000000000000000e+00
4.961000000000000000e+03,2.652986720445634217e-01,0.000000000000000000e+00
4.962000000000000000e+03,7.759382672182876806e-02,0.000000000000000000e+00
4.963000000000000000e+03,7.900529756804426651e-02,0.000000000000000000e+00
4.964000000000000000e+03,-2.846713201995628162e-01,0.000000000000000000e+00
4.965000000000000000e+03,-2.082748324738079859e-01,0.000000000000000000e+00
4.966000000000000000e+03,-2.427711195716223402e-01,0.000000000000000000e+00
4.967000000000000000e+03,-1.671884356279295936e-01,0.000000000000000000e+00
4.968000000000000000e+03,-2.101847638805722507e-01,0.000000000000000000e+00
4.969000000000000000e+03,-1.366336777780915446e-01,0.000000000000000000e+00
4.970000000000000000e+03,-9.432176860209938452e-02,0.000000000000000000e+00
4.971000000000000000e+03,2.269607798454148506e-02,0.000000000000000000e+00
4.972000000000000000e+03,-1.923335501476503007e-02,0.000000000000000000e+00
4.973000000000000000e+03,-1.049587430033146508e-03,0.000000000000000000e+00
4.974000000000000000e+03,1.580933863418504393e-01,0.000000000000000000e+00
4.975000000000000000e+03,1.805645221277394075e-01,0.000000000000000000e+00
4.976000000000000000e+03,8.698416440963023522e-02,0.000000000000000000e+00
4.977000000000000000e+03,1.235637024332602724e-01,0.000000000000000000e+00
4.978000000000000000e+03,1.516749589926061348e-02,0.000000000000000000e+00
4.979000000000000000e+03,2.979763835656731863e-01,0.000000000000000000e+00
4.980000000000000000e+03,-1.023429959608613410e-01,0.000000000000000000e+00
4.981000000000000000e+03,4.869350923798678593e-02,0.000000000000000000e+00
4.982000000000000000e+03,1.632883137900893733e-01,0.000000000000000000e+00
4.983000000000000000e+03,2.029884000444359127e-01,0.000000000000000000e+00
4.984000000000000000e+03,7.104890029325204581e-02,0.000000000000000000e+00
4.985000000000000000e+03,8.664637275858388943e-02,0.000000000000000000e+00
4.986000000000000000e+03,2.515506623886649695e-01,0.000000000000000000e+00
4.987000000000000000e+03,1.114278432560621701e-01,0.000000000000000000e+00
4.988000000000000000e+03,2.619255844038161918e-01,0.000000000000000000e+00
4.989000000000000000e+03,3.107406266107612947e-01,0.000000000000000000e+00
4.990000000000000000e+03,2.701248471890517200e-01,0.000000000000000000e+00
4.991000000000000000e+03,6.756008821409069665e-01,0.000000000000000000e+00
4.992000000000000000e+03,4.377831956630140464e-01,0.000000000000000000e+00
4.993000000000000000e+03,5.624015047515298349e-01,0.000000000000000000e+00
4.994000000000000000e+03,-3.584083960426947546e-01,0.000000000000000000e+00
4.995000000000000000e+03,-1.657820113420203356e-01,0.000000000000000000e+00
4.996000000000000000e+03,-5.905934621219571801e-01,0.000000000000000000e+00
4.997000000000000000e+03,2.750860655148077982e-01,0.000000000000000000e+00
4.998000000000000000e+03,-5.649150368885181850e-01,0.000000000000000000e+00
4.999000000000000000e+03,2.720430163411356350e+00,0.000000000000000000e+00
5.000000000000000000e+03,4.988903456552021609e+00,0.000000000000000000e+00
5.001000000000000000e+03,-3.009992596683415123e+00,1.000000000000000000e+00
5.002000000000000000e+03,-8.143349646689315158e-01,0.000000000000000000e+00
5.003000000000000000e+03,-1.324681975803890355e+00,0.000000000000000000e+00
5.004000000000000000e+03,-4.495675787506718812e-01,0.000000000000000000e+00
5.005000000000000000e+03,-7.902358349133357107e-01,0.000000000000000000e+00
5.006000000000000000e+03,-3.886619431647151957e-01,0.000000000000000000e+00
5.007000000000000000e+03,-5.917384436365096256e-01,0.000000000000000000e+00
5.008000000000000000e+03,-3.897984203604340503e-01,0.000000000000000000e+00
5.009000000000000000e+03,-3.887787678317141671e-01,0.000000000000000000e+00
5.010000000000000000e+03,-7.113279966284306866e-02,0.000000000000000000e+00
5.011000000000000000e+03,-2.668689006650964979e-01,0.000000000000000000e+00
5.012000000000000000e+03,-2.912627029900770326e-02,0.000000000000000000e+00
5.013000000000000000e+03,-1.661932661404063039e-01,0.000000000000000000e+00
5.014000000000000000e+03,2.326978485731395208e-01,0.000000000000000000e+00
5.015000000000000000e+03,-8.504123356240475854e-04,0.000000000000000000e+00
5.016000000000000000e+03,3.241595986618694969e-01,0.000000000000000000e+00
5.017000000000000000e+03,-5.578397434118694681e-02,0.000000000000000000e+00
5.018000000000000000e+03,-9.771079148292165228e-02,0.000000000000000000e+00
5.019000000000000000e+03,-4.571358533436801208e-01,0.000000000000000000e+00
5.020000000000000000e+03,-1.989049825306318520e-01,0.000000000000000000e+00
5.021000000000000000e+03,-3.908054605335736786e-01,0.000000000000000000e+00
5.022000000000000000e+03,-1.620963357064814092e-01,0.000000000000000000e+00
5.023000000000000000e+03,-4.536134960041306452e-01,0.000000000000000000e+00
5.024000000000000000e+03,-1.825455057727910224e-01,0.000000000000000000e+00
5.025000000000000000e+03,-3.941508319318879905e-01,0.000000000000000000e+00
5.026000000000000000e+03,-2.152650999638961171e-01,0.000000000000000000e+00
5.027000000000000000e+03,-2.046593267879444067e-01,0.000000000000000000e+00
5.028000000000000000e+03,-2.063598658387723883e-01,0.000000000000000000e+00
5.029000000000000000e+03,-1.195908531732593622e-01,0.000000000000000000e+00
5.030000000000000000e+03,-5.757239191138054102e-03,0.000000000000000000e+00
5.031000000000000000e+03,-1.222413955261885399e-01,0.000000000000000000e+00
5.032000000000000000e+03,2.599540046129089274e-02,0.000000000000000000e+00
5.033000000000000000e+03,-2.589127792365258363e-01,0.000000000000000000e+00
5.034000000000000000e+03,7.165585301056072443e-02,0.000000000000000000e+00
5.035000000000000000e+03,-3.954494910201030583e-02,0.000000000000000000e+00
5.036000000000000000e+03,1.654665840350293127e-01,0.000000000000000000e+00
5.037000000000000000e+03,-8.791377809868658466e-02,0.000000000000000000e+00
5.038000000000000000e+03,1.650059494173421182e-01,0.000000000000000000e+00
5.039000000000000000e+03,-1.208844030211484039e-01,0.000000000000000000e+00
5.040000000000000000e+03,2.446086401250607834e-01,0.000000000000000000e+00
5.041000000000000000e+03,1.136573124475465102e-01,0.000000000000000000e+00
5.042000000000000000e+03,3.061063928889229957e-01,0.000000000000000000e+00
5.043000000000000000e+03,-1.019012730789738141e-01,0.000000000000000000e+00
5.044000000000000000e+03,5.527011235876259088e-01,0.000000000000000000e+00
5.045000000000000000e+03,2.089756364838427916e-01,0.000000000000000000e+00
5.046000000000000000e+03,7.722402436074565779e-01,0.000000000000000000e+00
5.047000000000000000e+03,3.218025553109490344e-01,0.000000000000000000e+00
5.048000000000000000e+03,4.532798478264348230e-01,0.000000000000000000e+00
5.049000000000000000e+03,-5.338811514726887753e-01,0.000000000000000000e+00
5.050000000000000000e+03,1.979045658217385706e-01,0.000000000000000000e+00
5.051000000000000000e+03,-6.869905796797490805e-01,0.000000000000000000e+00
5.052000000000000000e+03,5.730629593520090159e-01,0.000000000000000000e+00
5.053000000000000000e+03,-6.092441038568973122e-01,0.000000000000000000e+00
5.054000000000000000e+03,4.840315080511657264e+00,0.000000000000000000e+00
5.055000000000000000e+03,2.358321559659733779e+00,1.000000000000000000e+00
5.056000000000000000e+03,-3.420002099372152493e+00,0.000000000000000000e+00
5.057000000000000000e+03,-2.448993532236600490e-01,0.000000000000000000e+00
5.058000000000000000e+03,-1.148496239658350460e+00,0.000000000000000000e+00
5.059000000000000000e+03,-4.533169516715351288e-01,0.000000000000000000e+00
5.060000000000000000e+03,-6.420755246167869634e-01,0.000000000000000000e+00
5.061000000000000000e+03,-2.709486934898724386e-01,0.000000000000000000e+00
5.062000000000000000e+03,-3.723704033688150505e-01,0.000000000000000000e+00
5.063000000000000000e+03,-8.730453178507791012e-02,0.000000000000000000e+00
5.064000000000000000e+03,-2.615878457843258120e-01,0.000000000000000000e+00
5.065000000000000000e+03,-2.263511449407509118e-02,0.000000000000000000e+00
5.066000000000000000e+03,-1.643485169615842012e-01,0.000000000000000000e+00
5.067000000000000000e+03,2.482297745362278124e-02,0.000000000000000000e+00
5.068000000000000000e+03,2.455172897013044586e-01,0.000000000000000000e+00
5.069000000000000000e+03,3.496872176351428219e-01,0.000000000000000000e+00
5.070000000000000000e+03,2.397416633182778423e-01,0.000000000000000000e+00
5.071000000000000000e+03,6.924386904839881229e-02,0.000000000000000000e+00
5.072000000000000000e+03,-1.386389091913864668e-01,0.000000000000000000e+00
5.073000000000000000e+03,-1.750501493371998396e-01,0.000000000000000000e+00
5.074000000000000000e+03,-2.152684257041358462e-01,0.000000000000000000e+00
5.075000000000000000e+03,-1.397922878862883078e-01,0.000000000000000000e+00
5.076000000000000000e+03,-3.572394697501443117e-01,0.000000000000000000e+00
5.077000000000000000e+03,-2.527037917080003915e-01,0.000000000000000000e+00
5.078000000000000000e+03,-2.578263455633650891e-01,0.000000000000000000e+00
5.079000000000000000e+03,-2.471376735682692671e-01,0.000000000000000000e+00
5.080000000000000000e+03,-1.185945518919163666e-01,0.000000000000000000e+00
5.081000000000000000e+03,-5.701087345745985135e-02,0.000000000000000000e+00
5.082000000000000000e+03,-5.982980646823735094e-02,0.000000000000000000e+00
5.083000000000000000e+03,3.404617015047166351e-02,0.000000000000000000e+00
5.084000000000000000e+03,9.890068725604643507e-02,0.000000000000000000e+00
5.085000000000000000e+03,-6.894840821408594611e-02,0.000000000000000000e+00
5.086000000000000000e+03,1.207500150224372765e-01,0.000000000000000000e+00
5.087000000000000000e+03,3.215992683427226079e-02,0.000000000000000000e+00
5.088000000000000000e+03,2.965115272181718664e-01,0.000000000000000000e+00
5.089000000000000000e+03,-8.462828499913929714e-02,0.000000000000000000e+00
5.090000000000000000e+03,2.111316702522933464e-01,0.000000000000000000e+00
5.091000000000000000e+03,3.995993975635252042e-03,0.000000000000000000e+00
5.092000000000000000e+03,1.398557957459670431e-01,0.000000000000000000e+00
5.093000000000000000e+03,1.352966251861385527e-01,0.000000000000000000e+00
5.094000000000000000e+03,6.291610967356662219e-03,0.000000000000000000e+00
5.095000000000000000e+03,-4.199758279439919084e-02,0.000000000000000000e+00
5.096000000000000000e+03,2.918424383458828042e-01,0.000000000000000000e+00
5.097000000000000000e+03,1.760576200782314471e-01,0.000000000000000000e+00
5.098000000000000000e+03,5.474904789608759925e-01,0.000000000000000000e+00
5.099000000000000000e+03,4.067700966427779119e-01,0.000000000000000000e+00
5.100000000000000000e+03,3.170735746799632770e-01,0.000000000000000000e+00
5.101000000000000000e+03,-4.861126810482144789e-01,0.000000000000000000e+00
5.102000000000000000e+03,-2.807595335815922521e-02,0.000000000000000000e+00
5.103000000000000000e+03,-5.025308115981669266e-01,0.000000000000000000e+00
5.104000000000000000e+03,3.827281430822679353e-02,0.000000000000000000e+00
5.105000000000000000e+03,-4.988073866005527934e-01,0.000000000000000000e+00
5.106000000000000000e+03,3.429434399834667246e+00,0.000000000000000000e+00
5.107000000000000000e+03,3.889477704236674160e+00,0.000000000000000000e+00
5.108000000000000000e+03,-3.789905943393055310e+00,1.000000000000000000e+00
5.109000000000000000e+03,-4.216150027071186024e-01,0.000000000000000000e+00
5.110000000000000000e+03,-1.201915525638797888e+00,0.000000000000000000e+00
5.111000000000000000e+03,-3.014520888776134333e-01,0.000000000000000000e+00
5.112000000000000000e+03,-7.414927431648866696e-01,0.000000000000000000e+00
5.113000000000000000e+03,-1.521980594566794964e-01,0.000000000000000000e+00
5.114000000000000000e+03,-4.320419119984674206e-01,0.000000000000000000e+00
5.115000000000000000e+03,1.224421275357193140e-02,0.000000000000000000e+00
5.116000000000000000e+03,-4.404190048644865407e-01,0.000000000000000000e+00
5.117000000000000000e+03,5.305935981419930558e-02,0.000000000000000000e+00
5.118000000000000000e+03,-2.848808922826892021e-01,0.000000000000000000e+00
5.119000000000000000e+03,1.902602621724227561e-01,0.000000000000000000e+00
5.120000000000000000e+03,3.428591788196661688e-02,0.000000000000000000e+00
5.121000000000000000e+03,2.913398945569703469e-01,0.000000000000000000e+00
5.122000000000000000e+03,2.787090558246870242e-01,0.000000000000000000e+00
5.123000000000000000e+03,3.707721330130735460e-01,0.000000000000000000e+00
5.124000000000000000e+03,-1.918987937638892138e-01,0.000000000000000000e+00
5.125000000000000000e+03,1.210356616866987006e-01,0.000000000000000000e+00
5.126000000000000000e+03,-2.634971972980538757e-01,0.000000000000000000e+00
5.127000000000000000e+03,-1.365089664082635990e-01,0.000000000000000000e+00
5.128000000000000000e+03,-4.054906756275291624e-01,0.000000000000000000e+00
5.129000000000000000e+03,-5.819407711000692401e-02,0.000000000000000000e+00
5.130000000000000000e+03,-2.095117207742845378e-01,0.000000000000000000e+00
5.131000000000000000e+03,-8.881822555054098844e-02,0.000000000000000000e+00
5.132000000000000000e+03,-3.219338744776297223e-01,0.000000000000000000e+00
5.133000000000000000e+03,-2.218036379863484731e-02,0.000000000000000000e+00
5.134000000000000000e+03,-2.333882237067351761e-01,0.000000000000000000e+00
5.135000000000000000e+03,1.664587314992615197e-01,0.000000000000000000e+00
5.136000000000000000e+03,-1.611171607774406767e-01,0.000000000000000000e+00
5.137000000000000000e+03,1.310847286151224089e-01,0.000000000000000000e+00
5.138000000000000000e+03,-1.343401486846537152e-01,0.000000000000000000e+00
5.139000000000000000e+03,-4.547556004420971743e-02,0.000000000000000000e+00
5.140000000000000000e+03,4.616860868980966759e-02,0.000000000000000000e+00
5.141000000000000000e+03,2.765994361903771348e-01,0.000000000000000000e+00
5.142000000000000000e+03,-1.480761389185402122e-01,0.000000000000000000e+00
5.143000000000000000e+03,2.365587588646518302e-01,0.000000000000000000e+00
5.144000000000000000e+03,-1.767866648339874724e-02,0.000000000000000000e+00
5.145000000000000000e+03,2.605306817041894152e-01,0.000000000000000000e+00
5.146000000000000000e+03,2.960675484574339707e-03,0.000000000000000000e+00
5.147000000000000000e+03,3.485528265432874528e-01,0.000000000000000000e+00
5.148000000000000000e+03,-6.676328200951716675e-03,0.000000000000000000e+00
5.149000000000000000e+03,4.912564463568148687e-01,0.000000000000000000e+00
5.150000000000000000e+03,2.628008134508522109e-01,0.000000000000000000e+00
5.151000000000000000e+03,8.481427790289322033e-01,0.000000000000000000e+00
5.152000000000000000e+03,2.682732329469720844e-01,0.000000000000000000e+00
5.153000000000000000e+03,2.990384913211995288e-01,0.000000000000000000e+00
5.154000000000000000e+03,-4.742367718010209177e-01,0.000000000000000000e+00
5.155000000000000000e+03,9.271844372643728294e-02,0.000000000000000000e+00
5.156000000000000000e+03,-5.399725999743045790e-01,0.000000000000000000e+00
5.157000000000000000e+03,2.678483976926724353e-01,0.000000000000000000e+00
5.158000000000000000e+03,-5.989947933141217540e-01,0.000000000000000000e+00
5.159000000000000000e+03,4.738069730825189119e+00,0.000000000000000000e+00
5.160000000000000000e+03,2.174403780384648321e+00,1.000000000000000000e+00
5.161000000000000000e+03,-3.178259524835084004e+00,0.000000000000000000e+00
5.162000000000000000e+03,-2.593175703798787368e-01,0.000000000000000000e+00
5.163000000000000000e+03,-1.383917828214602741e+00,0.000000000000000000e+00
5.164000000000000000e+03,-1.878328381485568632e-01,0.000000000000000000e+00
5.165000000000000000e+03,-8.188866333160025324e-01,0.000000000000000000e+00
5.166000000000000000e+03,-2.016040032301117946e-01,0.000000000000000000e+00
5.167000000000000000e+03,-5.357898371658336156e-01,0.000000000000000000e+00
5.168000000000000000e+03,-1.707007776538925770e-01,0.000000000000000000e+00
5.169000000000000000e+03,-3.096911517322237239e-01,0.000000000000000000e+00
5.170000000000000000e+03,-1.166080859483867652e-02,0.000000000000000000e+00
5.171000000000000000e+03,-2.940633554971001651e-01,0.000000000000000000e+00
5.172000000000000000e+03,-3.293876904005580558e-02,0.000000000000000000e+00
5.173000000000000000e+03,1.925606418201610340e-02,0.000000000000000000e+00
5.174000000000000000e+03,2.003390742149100123e-01,0.000000000000000000e+00
5.175000000000000000e+03,1.330791474554004761e-01,0.000000000000000000e+00
5.176000000000000000e+03,3.592286108242145337e-01,0.000000000000000000e+00
5.177000000000000000e+03,-2.479736490035922836e-01,0.000000000000000000e+00
5.178000000000000000e+03,1.908966372951037271e-01,0.000000000000000000e+00
5.179000000000000000e+03,-3.999269244551041935e-01,0.000000000000000000e+00
5.180000000000000000e+03,-5.115614205318931573e-02,0.000000000000000000e+00
5.181000000000000000e+03,-2.092255608263845212e-01,0.000000000000000000e+00
5.182000000000000000e+03,-1.612446020776359956e-01,0.000000000000000000e+00
5.183000000000000000e+03,-1.825462259766715556e-01,0.000000000000000000e+00
5.184000000000000000e+03,-1.742256462619182766e-01,0.000000000000000000e+00
5.185000000000000000e+03,-2.236309879807631129e-01,0.000000000000000000e+00
5.186000000000000000e+03,-5.884058017283186337e-02,0.000000000000000000e+00
5.187000000000000000e+03,-1.746651812548745408e-01,0.000000000000000000e+00
5.188000000000000000e+03,-1.835125074071073670e-01,0.000000000000000000e+00
5.189000000000000000e+03,1.012464438196389177e-01,0.000000000000000000e+00
5.190000000000000000e+03,5.508297994000383585e-02,0.000000000000000000e+00
5.191000000000000000e+03,4.567378591481042506e-03,0.000000000000000000e+00
5.192000000000000000e+03,1.503294902903656582e-01,0.000000000000000000e+00
5.193000000000000000e+03,-1.313104066572948481e-01,0.000000000000000000e+00
5.194000000000000000e+03,5.123229401197560567e-02,0.000000000000000000e+00
5.195000000000000000e+03,-7.749991580282532266e-02,0.000000000000000000e+00
5.196000000000000000e+03,1.502198508868442250e-01,0.000000000000000000e+00
5.197000000000000000e+03,3.378000138395174934e-02,0.000000000000000000e+00
5.198000000000000000e+03,-2.843523149358191671e-02,0.000000000000000000e+00
5.199000000000000000e+03,2.012404019190007776e-01,0.000000000000000000e+00
5.200000000000000000e+03,2.338965934129959012e-01,0.000000000000000000e+00
5.201000000000000000e+03,5.157502523073762002e-02,0.000000000000000000e+00
5.202000000000000000e+03,2.689843838629917827e-01,0.000000000000000000e+00
5.203000000000000000e+03,3.631947958868563253e-01,0.000000000000000000e+00
5.204000000000000000e+03,3.634506076802045405e-01,0.000000000000000000e+00
5.205000000000000000e+03,5.364204047678214904e-01,0.000000000000000000e+00
5.206000000000000000e+03,6.329724347566936249e-01,0.000000000000000000e+00
5.207000000000000000e+03,4.355779976681271037e-01,0.000000000000000000e+00
5.208000000000000000e+03,-1.526787765656973939e-01,0.000000000000000000e+00
5.209000000000000000e+03,-2.334288991679555891e-01,0.000000000000000000e+00
5.210000000000000000e+03,-2.083767938983299706e-01,0.000000000000000000e+00
5.211000000000000000e+03,-7.923051195373603806e-02,0.000000000000000000e+00
5.212000000000000000e+03,-3.850378972974994873e-01,0.000000000000000000e+00
5.213000000000000000e+03,1.491998416090596580e+00,0.000000000000000000e+00
5.214000000000000000e+03,5.851386404888142323e+00,0.000000000000000000e+00
5.215000000000000000e+03,-2.324139114867889599e+00,1.000000000000000000e+00
5.216000000000000000e+03,-1.393905495739140799e+00,0.000000000000000000e+00
5.217000000000000000e+03,-1.140346511602128299e+00,0.000000000000000000e+00
5.218000000000000000e+03,-8.768161361936919196e-01,0.000000000000000000e+00
5.219000000000000000e+03,-6.275811751667710325e-01,0.000000000000000000e+00
5.220000000000000000e+03,-5.738014265744837417e-01,0.000000000000000000e+00
5.221000000000000000e+03,-5.124380358266408253e-01,0.000000000000000000e+00
5.222000000000000000e+03,-4.110072410086612615e-01,0.000000000000000000e+00
5.223000000000000000e+03,-4.930078354227449555e-01,0.000000000000000000e+00
5.224000000000000000e+03,-1.105478224064009862e-01,0.000000000000000000e+00
5.225000000000000000e+03,-2.496754806591297005e-01,0.000000000000000000e+00
5.226000000000000000e+03,-8.883989095989727747e-02,0.000000000000000000e+00
5.227000000000000000e+03,-1.245018225631148306e-01,0.000000000000000000e+00
5.228000000000000000e+03,3.599397766063009568e-02,0.000000000000000000e+00
5.229000000000000000e+03,3.875944996575125812e-02,0.000000000000000000e+00
5.230000000000000000e+03,2.236084415184863838e-01,0.000000000000000000e+00
5.231000000000000000e+03,1.145532444874370892e-01,0.000000000000000000e+00
5.232000000000000000e+03,-5.771243118836349301e-02,0.000000000000000000e+00
5.233000000000000000e+03,-3.031179587524993613e-01,0.000000000000000000e+00
5.234000000000000000e+03,-3.394191662012099875e-01,0.000000000000000000e+00
5.235000000000000000e+03,-3.364778251400663556e-01,0.000000000000000000e+00
5.236000000000000000e+03,-1.104073668018832610e-01,0.000000000000000000e+00
5.237000000000000000e+03,-4.248478427237377675e-01,0.000000000000000000e+00
5.238000000000000000e+03,-2.343496791382870537e-01,0.000000000000000000e+00
5.239000000000000000e+03,-3.860938046286238046e-01,0.000000000000000000e+00
5.240000000000000000e+03,-1.972356533636868414e-01,0.000000000000000000e+00
5.241000000000000000e+03,-2.630406858670286674e-01,0.000000000000000000e+00
5.242000000000000000e+03,1.060003335857940265e-01,0.000000000000000000e+00
5.243000000000000000e+03,-2.415852624256566439e-01,0.000000000000000000e+00
5.244000000000000000e+03,1.380359544963043750e-01,0.000000000000000000e+00
5.245000000000000000e+03,-1.446202596997059331e-01,0.000000000000000000e+00
5.246000000000000000e+03,1.932374898673159258e-01,0.000000000000000000e+00
5.247000000000000000e+03,5.249746766306895990e-02,0.000000000000000000e+00
5.248000000000000000e+03,2.581956154127382219e-01,0.000000000000000000e+00
5.249000000000000000e+03,-3.274513891024694728e-02,0.000000000000000000e+00
5.250000000000000000e+03,1.572850412040979473e-01,0.000000000000000000e+00
5.251000000000000000e+03,9.290470942391089448e-02,0.000000000000000000e+00
5.252000000000000000e+03,2.423355642753234063e-01,0.000000000000000000e+00
5.253000000000000000e+03,-7.229930223767909447e-02,0.000000000000000000e+00
5.254000000000000000e+03,1.862740687638526071e-01,0.000000000000000000e+00
5.255000000000000000e+03,5.938479225066292666e-02,0.000000000000000000e+00
5.256000000000000000e+03,3.264410790306928600e-01,0.000000000000000000e+00
5.257000000000000000e+03,4.351072224695973212e-02,0.000000000000000000e+00
5.258000000000000000e+03,3.694690235834899306e-01,0.000000000000000000e+00
5.259000000000000000e+03,1.602875045918042418e-01,0.000000000000000000e+00
5.260000000000000000e+03,7.280993431310731623e-01,0.000000000000000000e+00
5.261000000000000000e+03,4.338065996126774793e-01,0.000000000000000000e+00
5.262000000000000000e+03,3.329809181637531368e-01,0.000000000000000000e+00
5.263000000000000000e+03,-4.747980546180444739e-01,0.000000000000000000e+00
5.264000000000000000e+03,7.577634702046574799e-02,0.000000000000000000e+00
5.265000000000000000e+03,-5.898572632862574272e-01,0.000000000000000000e+00
5.266000000000000000e+03,4.617314484137457486e-01,0.000000000000000000e+00
5.267000000000000000e+03,-6.859814166534615731e-01,0.000000000000000000e+00
5.268000000000000000e+03,4.899015562170518479e+00,0.000000000000000000e+00
5.269000000000000000e+03,2.070136176777894299e+00,1.000000000000000000e+00
5.270000000000000000e+03,-3.369175052135476189e+00,0.000000000000000000e+00
5.271000000000000000e+03,-1.449699090270604174e-01,0.000000000000000000e+00
5.272000000000000000e+03,-1.340824691342189068e+00,0.000000000000000000e+00
5.273000000000000000e+03,-2.841008018917796085e-01,0.000000000000000000e+00
5.274000000000000000e+03,-7.899428441539089185e-01,0.000000000000000000e+00
5.275000000000000000e+03,-2.642949398535397454e-01,0.000000000000000000e+00
5.276000000000000000e+03,-5.252718958536722882e-01,0.000000000000000000e+00
5.277000000000000000e+03,-1.648944646216018162e-01,0.000000000000000000e+00
5.278000000000000000e+03,-3.655571741802713381e-01,0.000000000000000000e+00
5.279000000000000000e+03,-1.017064957393362945e-01,0.000000000000000000e+00
5.280000000000000000e+03,-1.406248316462367087e-01,0.000000000000000000e+00
5.281000000000000000e+03,-1.304668928510391568e-01,0.000000000000000000e+00
5.282000000000000000e+03,1.946050890835228364e-02,0.000000000000000000e+00
5.283000000000000000e+03,3.018721200520906311e-01,0.000000000000000000e+00
5.284000000000000000e+03,4.973168523491829779e-03,0.000000000000000000e+00
5.285000000000000000e+03,2.216856736020128837e-01,0.000000000000000000e+00
5.286000000000000000e+03,-1.166223871695521164e-01,0.000000000000000000e+00
5.287000000000000000e+03,-8.424512011833361347e-02,0.000000000000000000e+00
5.288000000000000000e+03,-3.837667428063211705e-01,0.000000000000000000e+00
5.289000000000000000e+03,-3.035395310876972674e-01,0.000000000000000000e+00
5.290000000000000000e+03,-2.614373145341921667e-01,0.000000000000000000e+00
5.291000000000000000e+03,-2.816132600313304701e-01,0.000000000000000000e+00
5.292000000000000000e+03,-3.433166313296621142e-01,0.000000000000000000e+00
5.293000000000000000e+03,8.741205970040709372e-03,0.000000000000000000e+00
5.294000000000000000e+03,-2.711207490846103130e-01,0.000000000000000000e+00
5.295000000000000000e+03,-6.167107920396298903e-02,0.000000000000000000e+00
5.296000000000000000e+03,-1.181550880480671528e-01,0.000000000000000000e+00
5.297000000000000000e+03,6.495444026463885467e-02,0.000000000000000000e+00
5.298000000000000000e+03,8.022342057231245105e-02,0.000000000000000000e+00
5.299000000000000000e+03,1.693419014888212226e-01,0.000000000000000000e+00
5.300000000000000000e+03,3.256536424395707618e-02,0.000000000000000000e+00
5.301000000000000000e+03,1.858283247190176124e-01,0.000000000000000000e+00
5.302000000000000000e+03,1.897020932646361902e-01,0.000000000000000000e+00
5.303000000000000000e+03,2.506233495700638803e-01,0.000000000000000000e+00
5.304000000000000000e+03,7.429333687273982634e-02,0.000000000000000000e+00
5.305000000000000000e+03,2.018669212700987536e-01,0.000000000000000000e+00
5.306000000000000000e+03,6.325641149846437938e-02,0.000000000000000000e+00
5.307000000000000000e+03,3.073981823887068643e-01,0.000000000000000000e+00
5.308000000000000000e+03,1.102211943959484353e-01,0.000000000000000000e+00
5.309000000000000000e+03,3.381492749146193244e-01,0.000000000000000000e+00
5.310000000000000000e+03,-1.371237217794429308e-01,0.000000000000000000e+00
5.311000000000000000e+03,5.065408741054399089e-01,0.000000000000000000e+00
5.312000000000000000e+03,3.151410865042971188e-01,0.000000000000000000e+00
5.313000000000000000e+03,7.683751238382680038e-01,0.000000000000000000e+00
5.314000000000000000e+03,4.712492712701282227e-01,0.000000000000000000e+00
5.315000000000000000e+03,2.678163337220579310e-01,0.000000000000000000e+00
5.316000000000000000e+03,-5.284787605699885482e-01,0.000000000000000000e+00
5.317000000000000000e+03,2.355619910273101525e-01,0.000000000000000000e+00
5.318000000000000000e+03,-5.520522008068144970e-01,0.000000000000000000e+00
5.319000000000000000e+03,5.494201256674984268e-01,0.000000000000000000e+00
5.320000000000000000e+03,-6.659692534967847077e-01,0.000000000000000000e+00
5.321000000000000000e+03,4.875383715330185552e+00,0.000000000000000000e+00
5.322000000000000000e+03,2.170983316939753216e+00,1.000000000000000000e+00
5.323000000000000000e+03,-3.582781161653282531e+00,0.000000000000000000e+00
5.324000000000000000e+03,-2.420536713386441663e-01,0.000000000000000000e+00
5.325000000000000000e+03,-1.145877203005620126e+00,0.000000000000000000e+00
5.326000000000000000e+03,-2.173016971278501352e-01,0.000000000000000000e+00
5.327000000000000000e+03,-6.818786180107492267e-01,0.000000000000000000e+00
5.328000000000000000e+03,-1.349957915118364382e-01,0.000000000000000000e+00
5.329000000000000000e+03,-4.796176407142239140e-01,0.000000000000000000e+00
5.330000000000000000e+03,2.340770995898565007e-02,0.000000000000000000e+00
5.331000000000000000e+03,-3.695779774089003600e-01,0.000000000000000000e+00
5.332000000000000000e+03,7.935080921790728381e-02,0.000000000000000000e+00
5.333000000000000000e+03,-2.126509025181518298e-01,0.000000000000000000e+00
5.334000000000000000e+03,3.247240965481482111e-01,0.000000000000000000e+00
5.335000000000000000e+03,4.835719005372644645e-03,0.000000000000000000e+00
5.336000000000000000e+03,3.940286516077728951e-01,0.000000000000000000e+00
5.337000000000000000e+03,1.304045506366164620e-01,0.000000000000000000e+00
5.338000000000000000e+03,3.552958147976149617e-01,0.000000000000000000e+00
5.339000000000000000e+03,-5.794584109789803483e-02,0.000000000000000000e+00
5.340000000000000000e+03,-7.685171784647505666e-02,0.000000000000000000e+00
5.341000000000000000e+03,-3.350514121693785596e-01,0.000000000000000000e+00
5.342000000000000000e+03,-3.226460202203254579e-01,0.000000000000000000e+00
5.343000000000000000e+03,-3.675792256287703230e-01,0.000000000000000000e+00
5.344000000000000000e+03,-9.608905853497340388e-02,0.000000000000000000e+00
5.345000000000000000e+03,-4.668883963717160301e-01,0.000000000000000000e+00
5.346000000000000000e+03,5.564445052989324195e-03,0.000000000000000000e+00
5.347000000000000000e+03,-2.849671573728013163e-01,0.000000000000000000e+00
5.348000000000000000e+03,-1.444665466547448707e-01,0.000000000000000000e+00
5.349000000000000000e+03,-1.519366375137836678e-01,0.000000000000000000e+00
5.350000000000000000e+03,9.385425877765972424e-02,0.000000000000000000e+00
5.351000000000000000e+03,-2.354979974991245895e-01,0.000000000000000000e+00
5.352000000000000000e+03,1.226897783889055321e-01,0.000000000000000000e+00
5.353000000000000000e+03,-1.710856340653247043e-01,0.000000000000000000e+00
5.354000000000000000e+03,-8.902587527126563927e-02,0.000000000000000000e+00
5.355000000000000000e+03,-7.931870595528466017e-02,0.000000000000000000e+00
5.356000000000000000e+03,-8.931156816435438517e-02,0.000000000000000000e+00
5.357000000000000000e+03,-2.199852561019147723e-01,0.000000000000000000e+00
5.358000000000000000e+03,1.089798919575204195e-01,0.000000000000000000e+00
5.359000000000000000e+03,-1.979759641973613538e-01,0.000000000000000000e+00
5.360000000000000000e+03,1.429675095475347879e-01,0.000000000000000000e+00
5.361000000000000000e+03,-1.642374243795147459e-01,0.000000000000000000e+00
5.362000000000000000e+03,1.753212239132715122e-01,0.000000000000000000e+00
5.363000000000000000e+03,-2.694289612912050685e-02,0.000000000000000000e+00
5.364000000000000000e+03,4.457041705569292911e-01,0.000000000000000000e+00
5.365000000000000000e+03,6.831879601950430203e-02,0.000000000000000000e+00
5.366000000000000000e+03,5.991825809910243938e-01,0.000000000000000000e+00
5.367000000000000000e+03,3.854225246799843907e-01,0.000000000000000000e+00
5.368000000000000000e+03,4.741592247606319921e-01,0.000000000000000000e+00
5.369000000000000000e+03,-5.095527971784157284e-01,0.000000000000000000e+00
5.370000000000000000e+03,2.948442771879994026e-02,0.000000000000000000e+00
5.371000000000000000e+03,-6.812380025421997942e-01,0.000000000000000000e+00
5.372000000000000000e+03,2.066584224806022607e-01,0.000000000000000000e+00
5.373000000000000000e+03,-7.402094767575982948e-01,0.000000000000000000e+00
5.374000000000000000e+03,2.859314743823577309e+00,0.000000000000000000e+00
5.375000000000000000e+03,4.486482650652104276e+00,0.000000000000000000e+00
5.376000000000000000e+03,-3.333830200617544648e+00,1.000000000000000000e+00
5.377000000000000000e+03,-6.818811534189080925e-01,0.000000000000000000e+00
5.378000000000000000e+03,-1.143632384775294275e+00,0.000000000000000000e+00
5.379000000000000000e+03,-6.045304556760509040e-01,0.000000000000000000e+00
5.380000000000000000e+03,-7.473650210382750680e-01,0.000000000000000000e+00
5.381000000000000000e+03,-3.381987177336758243e-01,0.000000000000000000e+00
5.382000000000000000e+03,-4.736713454196272433e-01,0.000000000000000000e+00
5.383000000000000000e+03,-2.311571090958505770e-01,0.000000000000000000e+00
5.384000000000000000e+03,-4.162076806657448724e-01,0.000000000000000000e+00
5.385000000000000000e+03,-1.620772684502837235e-01,0.000000000000000000e+00
5.386000000000000000e+03,-2.255295194923665203e-01,0.000000000000000000e+00
5.387000000000000000e+03,1.121518214273391073e-01,0.000000000000000000e+00
5.388000000000000000e+03,1.821146639500205097e-02,0.000000000000000000e+00
5.389000000000000000e+03,2.355322833555159034e-01,0.000000000000000000e+00
5.390000000000000000e+03,2.436161742786649154e-01,0.000000000000000000e+00
5.391000000000000000e+03,2.425802065320634415e-01,0.000000000000000000e+00
5.392000000000000000e+03,1.550781824163443290e-01,0.000000000000000000e+00
5.393000000000000000e+03,-7.013339184941796978e-02,0.000000000000000000e+00
5.394000000000000000e+03,-1.595852748735518412e-01,0.000000000000000000e+00
5.395000000000000000e+03,-1.564668672860837217e-01,0.000000000000000000e+00
5.396000000000000000e+03,-2.564999892843720097e-01,0.000000000000000000e+00
5.397000000000000000e+03,-7.115582815763647762e-02,0.000000000000000000e+00
5.398000000000000000e+03,-2.410336072639884530e-01,0.000000000000000000e+00
5.399000000000000000e+03,-9.413695303689080529e-02,0.000000000000000000e+00
5.400000000000000000e+03,-2.105830613081501601e-01,0.000000000000000000e+00
5.401000000000000000e+03,-8.087171675504492563e-02,0.000000000000000000e+00
5.402000000000000000e+03,-1.277494557113736384e-01,0.000000000000000000e+00
5.403000000000000000e+03,9.881542562832397458e-02,0.000000000000000000e+00
5.404000000000000000e+03,1.051840220137277397e-02,0.000000000000000000e+00
5.405000000000000000e+03,5.599321558796120646e-02,0.000000000000000000e+00
5.406000000000000000e+03,1.102377334824518190e-01,0.000000000000000000e+00
5.407000000000000000e+03,1.057791344306567016e-01,0.000000000000000000e+00
5.408000000000000000e+03,4.271988382654265913e-03,0.000000000000000000e+00
5.409000000000000000e+03,2.947243706183637624e-01,0.000000000000000000e+00
5.410000000000000000e+03,5.599416094409163935e-02,0.000000000000000000e+00
5.411000000000000000e+03,2.054546080374897443e-01,0.000000000000000000e+00
5.412000000000000000e+03,3.368482474095992746e-02,0.000000000000000000e+00
5.413000000000000000e+03,1.071303072750024454e-01,0.000000000000000000e+00
5.414000000000000000e+03,2.016296852079378366e-01,0.000000000000000000e+00
5.415000000000000000e+03,1.960467491596414313e-01,0.000000000000000000e+00
5.416000000000000000e+03,1.111445091174365907e-01,0.000000000000000000e+00
5.417000000000000000e+03,3.292876677231668103e-01,0.000000000000000000e+00
5.418000000000000000e+03,1.387280352668721073e-01,0.000000000000000000e+00
5.419000000000000000e+03,1.540801999537321498e-01,0.000000000000000000e+00
5.420000000000000000e+03,3.062059388669857163e-01,0.000000000000000000e+00
5.421000000000000000e+03,7.036490475821463031e-01,0.000000000000000000e+00
5.422000000000000000e+03,4.522891248587393997e-01,0.000000000000000000e+00
5.423000000000000000e+03,3.929783802722404129e-01,0.000000000000000000e+00
5.424000000000000000e+03,-4.685752519630184132e-01,0.000000000000000000e+00
5.425000000000000000e+03,-2.189475743247629169e-02,0.000000000000000000e+00
5.426000000000000000e+03,-7.347422649644773651e-01,0.000000000000000000e+00
5.427000000000000000e+03,2.712279632024414688e-01,0.000000000000000000e+00
5.428000000000000000e+03,-6.545152551870947466e-01,0.000000000000000000e+00
5.429000000000000000e+03,3.292728678008677079e+00,0.000000000000000000e+00
5.430000000000000000e+03,4.529012031170424279e+00,0.000000000000000000e+00
5.431000000000000000e+03,-3.237306461411709524e+00,1.000000000000000000e+00
5.432000000000000000e+03,-5.696823531531359786e-01,0.000000000000000000e+00
5.433000000000000000e+03,-1.173231140534778838e+00,0.000000000000000000e+00
5.434000000000000000e+03,-5.208244738443498223e-01,0.000000000000000000e+00
5.435000000000000000e+03,-8.162961227826068811e-01,0.000000000000000000e+00
5.436000000000000000e+03,-2.518524626513738429e-01,0.000000000000000000e+00
5.437000000000000000e+03,-6.153634430645749109e-01,0.000000000000000000e+00
5.438000000000000000e+03,-3.280882473398609167e-01,0.000000000000000000e+00
5.439000000000000000e+03,-6.013697073651464997e-01,0.000000000000000000e+00
5.440000000000000000e+03,8.183223608123732506e-02,0.000000000000000000e+00
5.441000000000000000e+03,-4.427454873473880559e-01,0.000000000000000000e+00
5.442000000000000000e+03,1.307170173902453270e-01,0.000000000000000000e+00
5.443000000000000000e+03,-6.508822586012526223e-02,0.000000000000000000e+00
5.444000000000000000e+03,3.029442755560883271e-01,0.000000000000000000e+00
5.445000000000000000e+03,5.673384244098749613e-02,0.000000000000000000e+00
5.446000000000000000e+03,2.442920801491253735e-01,0.000000000000000000e+00
5.447000000000000000e+03,8.152788326780592565e-02,0.000000000000000000e+00
5.448000000000000000e+03,3.718083037182277201e-02,0.000000000000000000e+00
5.449000000000000000e+03,-1.481858770605465059e-01,0.000000000000000000e+00
5.450000000000000000e+03,-2.240468527452152969e-01,0.000000000000000000e+00
5.451000000000000000e+03,-3.850069576109812486e-01,0.000000000000000000e+00
5.452000000000000000e+03,-2.204220716769817456e-01,0.000000000000000000e+00
5.453000000000000000e+03,-2.924227128188644498e-01,0.000000000000000000e+00
5.454000000000000000e+03,-2.486455152670196955e-01,0.000000000000000000e+00
5.455000000000000000e+03,-2.530694557832213198e-01,0.000000000000000000e+00
5.456000000000000000e+03,-1.598719646668462502e-01,0.000000000000000000e+00
5.457000000000000000e+03,-3.192827487546641141e-01,0.000000000000000000e+00
5.458000000000000000e+03,-2.329918074907171704e-02,0.000000000000000000e+00
5.459000000000000000e+03,-1.806723376899164735e-01,0.000000000000000000e+00
5.460000000000000000e+03,1.426666607294977684e-01,0.000000000000000000e+00
5.461000000000000000e+03,3.888324453412660142e-02,0.000000000000000000e+00
5.462000000000000000e+03,1.192194116918718072e-01,0.000000000000000000e+00
5.463000000000000000e+03,3.220897954280522307e-02,0.000000000000000000e+00
5.464000000000000000e+03,2.623254784498362802e-01,0.000000000000000000e+00
5.465000000000000000e+03,1.587500239021220894e-02,0.000000000000000000e+00
5.466000000000000000e+03,2.351005285739214967e-01,0.000000000000000000e+00
5.467000000000000000e+03,1.809837246055831794e-01,0.000000000000000000e+00
5.468000000000000000e+03,2.678272816495422259e-01,0.000000000000000000e+00
5.469000000000000000e+03,1.402529311118444477e-01,0.000000000000000000e+00
5.470000000000000000e+03,2.543065142691471325e-01,0.000000000000000000e+00
5.471000000000000000e+03,5.671663836964096345e-02,0.000000000000000000e+00
5.472000000000000000e+03,3.186182844923065582e-01,0.000000000000000000e+00
5.473000000000000000e+03,2.660951141315662932e-02,0.000000000000000000e+00
5.474000000000000000e+03,2.820572438379522762e-01,0.000000000000000000e+00
5.475000000000000000e+03,2.910952506831985809e-01,0.000000000000000000e+00
5.476000000000000000e+03,4.368987956794269656e-01,0.000000000000000000e+00
5.477000000000000000e+03,4.673450648842402688e-01,0.000000000000000000e+00
5.478000000000000000e+03,2.946285335379663639e-01,0.000000000000000000e+00
5.479000000000000000e+03,-2.934716404412093249e-01,0.000000000000000000e+00
5.480000000000000000e+03,-8.110175075034554981e-02,0.000000000000000000e+00
5.481000000000000000e+03,-4.276722637125253690e-01,0.000000000000000000e+00
5.482000000000000000e+03,-3.542740172300494483e-02,0.000000000000000000e+00
5.483000000000000000e+03,-5.879624888436463248e-01,0.000000000000000000e+00
5.484000000000000000e+03,2.108179381040184097e+00,0.000000000000000000e+00
5.485000000000000000e+03,5.213546287255707234e+00,0.000000000000000000e+00
5.486000000000000000e+03,-3.075085342906433095e+00,1.000000000000000000e+00
5.487000000000000000e+03,-1.122308561954627582e+00,0.000000000000000000e+00
5.488000000000000000e+03,-1.073261038250652000e+00,0.000000000000000000e+00
5.489000000000000000e+03,-6.789885496669281206e-01,0.000000000000000000e+00
5.490000000000000000e+03,-7.045499764436518042e-01,0.000000000000000000e+00
5.491000000000000000e+03,-6.506911806006241417e-01,0.000000000000000000e+00
5.492000000000000000e+03,-5.459711246874290325e-01,0.000000000000000000e+00
5.493000000000000000e+03,-3.096830138023892731e-01,0.000000000000000000e+00
5.494000000000000000e+03,-2.994139489935329634e-01,0.000000000000000000e+00
5.495000000000000000e+03,-3.061407722887901084e-01,0.000000000000000000e+00
5.496000000000000000e+03,-1.945713916863968107e-01,0.000000000000000000e+00
5.497000000000000000e+03,-4.736574914738990449e-02,0.000000000000000000e+00
5.498000000000000000e+03,-2.808368947065523896e-02,0.000000000000000000e+00
5.499000000000000000e+03,2.796134697209455844e-01,0.000000000000000000e+00
5.500000000000000000e+03,2.833661073992707613e-01,0.000000000000000000e+00
5.501000000000000000e+03,1.917894943728005175e-01,0.000000000000000000e+00
5.502000000000000000e+03,3.686721501260780548e-02,0.000000000000000000e+00
5.503000000000000000e+03,1.547063414338543108e-01,0.000000000000000000e+00
5.504000000000000000e+03,-2.391533319100288824e-01,0.000000000000000000e+00
5.505000000000000000e+03,-1.647844597852721749e-01,0.000000000000000000e+00
5.506000000000000000e+03,-3.549203224811440793e-01,0.000000000000000000e+00
5.507000000000000000e+03,-1.093148977810758649e-01,0.000000000000000000e+00
5.508000000000000000e+03,-3.078296340416808996e-01,0.000000000000000000e+00
5.509000000000000000e+03,-1.389009761046912927e-01,0.000000000000000000e+00
5.510000000000000000e+03,-1.981326062507908770e-01,0.000000000000000000e+00
5.511000000000000000e+03,-5.802353668790497659e-02,0.000000000000000000e+00
5.512000000000000000e+03,1.059693831960828447e-02,0.000000000000000000e+00
5.513000000000000000e+03,-4.658787837160874995e-02,0.000000000000000000e+00
5.514000000000000000e+03,-1.767568656825687090e-01,0.000000000000000000e+00
5.515000000000000000e+03,1.914475439901533182e-01,0.000000000000000000e+00
5.516000000000000000e+03,-1.320444037435078780e-02,0.000000000000000000e+00
5.517000000000000000e+03,6.075392107706557854e-02,0.000000000000000000e+00
5.518000000000000000e+03,1.028247465081263100e-02,0.000000000000000000e+00
5.519000000000000000e+03,1.264756287620335262e-01,0.000000000000000000e+00
5.520000000000000000e+03,-7.254264677813691831e-02,0.000000000000000000e+00
5.521000000000000000e+03,3.915081371596368376e-02,0.000000000000000000e+00
5.522000000000000000e+03,1.317191523618840565e-01,0.000000000000000000e+00
5.523000000000000000e+03,1.413738364835994722e-02,0.000000000000000000e+00
5.524000000000000000e+03,1.267718639639457134e-01,0.000000000000000000e+00
5.525000000000000000e+03,6.004458623590405025e-02,0.000000000000000000e+00
5.526000000000000000e+03,1.730115798454375242e-01,0.000000000000000000e+00
5.527000000000000000e+03,2.588769992945159637e-01,0.000000000000000000e+00
5.528000000000000000e+03,3.022971403193501216e-01,0.000000000000000000e+00
5.529000000000000000e+03,7.441058247663642211e-01,0.000000000000000000e+00
5.530000000000000000e+03,3.638216143695156557e-01,0.000000000000000000e+00
5.531000000000000000e+03,6.178543572318821731e-02,0.000000000000000000e+00
5.532000000000000000e+03,-4.435011280264350431e-01,0.000000000000000000e+00
5.533000000000000000e+03,-5.634858201825896501e-02,0.000000000000000000e+00
5.534000000000000000e+03,-7.176594055563787489e-01,0.000000000000000000e+00
5.535000000000000000e+03,1.987446379738467273e-01,0.000000000000000000e+00
5.536000000000000000e+03,-1.691510717683276099e-01,0.000000000000000000e+00
5.537000000000000000e+03,5.680569621326561958e+00,0.000000000000000000e+00
5.538000000000000000e+03,-1.828213346391740768e-01,1.000000000000000000e+00
5.539000000000000000e+03,-2.989211994392249938e+00,0.000000000000000000e+00
5.540000000000000000e+03,-3.126237683734268136e-01,0.000000000000000000e+00
5.541000000000000000e+03,-1.118779717440649080e+00,0.000000000000000000e+00
5.542000000000000000e+03,-7.597638793065120133e-02,0.000000000000000000e+00
5.543000000000000000e+03,-6.779187448585053399e-01,0.000000000000000000e+00
5.544000000000000000e+03,-2.598451171766723647e-02,0.000000000000000000e+00
5.545000000000000000e+03,-3.101086267386907735e-01,0.000000000000000000e+00
5.546000000000000000e+03,8.306541098299521919e-03,0.000000000000000000e+00
5.547000000000000000e+03,-3.144324994034320420e-01,0.000000000000000000e+00
5.548000000000000000e+03,1.305843655838633544e-01,0.000000000000000000e+00
5.549000000000000000e+03,-2.345741594093175841e-01,0.000000000000000000e+00
5.550000000000000000e+03,3.664356975207713751e-01,0.000000000000000000e+00
5.551000000000000000e+03,-1.570613207091123981e-02,0.000000000000000000e+00
5.552000000000000000e+03,3.861786728021796011e-01,0.000000000000000000e+00
5.553000000000000000e+03,2.245076307253912884e-01,0.000000000000000000e+00
5.554000000000000000e+03,2.602898546551201675e-01,0.000000000000000000e+00
5.555000000000000000e+03,6.410440309406276183e-02,0.000000000000000000e+00
5.556000000000000000e+03,-1.084510203341555318e-01,0.000000000000000000e+00
5.557000000000000000e+03,-2.588350734236289918e-01,0.000000000000000000e+00
5.558000000000000000e+03,-1.408365632418644431e-01,0.000000000000000000e+00
5.559000000000000000e+03,-2.958943102141507464e-01,0.000000000000000000e+00
5.560000000000000000e+03,-2.144770115888184614e-01,0.000000000000000000e+00
5.561000000000000000e+03,-1.656198953686326691e-01,0.000000000000000000e+00
5.562000000000000000e+03,-1.230392036827105823e-01,0.000000000000000000e+00
5.563000000000000000e+03,-1.510213664130720390e-01,0.000000000000000000e+00
5.564000000000000000e+03,1.122775177091960147e-01,0.000000000000000000e+00
5.565000000000000000e+03,-1.142236381181153670e-01,0.000000000000000000e+00
5.566000000000000000e+03,1.626243643068192024e-01,0.000000000000000000e+00
5.567000000000000000e+03,-5.495304858863067805e-03,0.000000000000000000e+00
5.568000000000000000e+03,3.570511096498007464e-01,0.000000000000000000e+00
5.569000000000000000e+03,2.850343024135568865e-02,0.000000000000000000e+00
5.570000000000000000e+03,2.299242145716342278e-01,0.000000000000000000e+00
5.571000000000000000e+03,6.249449225917598494e-02,0.000000000000000000e+00
5.572000000000000000e+03,8.053795682411564461e-02,0.000000000000000000e+00
5.573000000000000000e+03,-3.190427469745223121e-02,0.000000000000000000e+00
5.574000000000000000e+03,2.110114622039702403e-01,0.000000000000000000e+00
5.575000000000000000e+03,1.600686552230931314e-01,0.000000000000000000e+00
5.576000000000000000e+03,1.561516287844058326e-01,0.000000000000000000e+00
5.577000000000000000e+03,7.132206891845590743e-03,0.000000000000000000e+00
5.578000000000000000e+03,1.457960638485002458e-01,0.000000000000000000e+00
5.579000000000000000e+03,2.242651864096786504e-02,0.000000000000000000e+00
5.580000000000000000e+03,3.587627679553347937e-01,0.000000000000000000e+00
5.581000000000000000e+03,3.099490268257988346e-01,0.000000000000000000e+00
5.582000000000000000e+03,6.134941911145725957e-01,0.000000000000000000e+00
5.583000000000000000e+03,2.408835959183941722e-01,0.000000000000000000e+00
5.584000000000000000e+03,-1.363023815738776123e-01,0.000000000000000000e+00
5.585000000000000000e+03,-4.470033473904223009e-01,0.000000000000000000e+00
5.586000000000000000e+03,-6.704164837301990199e-02,0.000000000000000000e+00
5.587000000000000000e+03,-5.435319491639520884e-01,0.000000000000000000e+00
5.588000000000000000e+03,1.606967449109864832e-01,0.000000000000000000e+00
5.589000000000000000e+03,2.645343544268035085e-01,0.000000000000000000e+00
5.590000000000000000e+03,5.925580375888148232e+00,0.000000000000000000e+00
5.591000000000000000e+03,-1.192176892023938395e+00,1.000000000000000000e+00
5.592000000000000000e+03,-2.259039767909405860e+00,0.000000000000000000e+00
5.593000000000000000e+03,-6.160624668634372414e-01,0.000000000000000000e+00
5.594000000000000000e+03,-1.040563284465623628e+00,0.000000000000000000e+00
5.595000000000000000e+03,-5.377900647727980044e-01,0.000000000000000000e+00
5.596000000000000000e+03,-6.872752509485988703e-01,0.000000000000000000e+00
5.597000000000000000e+03,-2.659175055091007045e-01,0.000000000000000000e+00
5.598000000000000000e+03,-3.762153578177871993e-01,0.000000000000000000e+00
5.599000000000000000e+03,-3.029011267033372978e-01,0.000000000000000000e+00
5.600000000000000000e+03,-2.804229609907263332e-01,0.000000000000000000e+00
5.601000000000000000e+03,-1.224721864610286010e-01,0.000000000000000000e+00
5.602000000000000000e+03,1.213119517622935489e-01,0.000000000000000000e+00
5.603000000000000000e+03,2.209668774894387594e-02,0.000000000000000000e+00
5.604000000000000000e+03,1.363462565095323598e-01,0.000000000000000000e+00
5.605000000000000000e+03,3.445110708420672241e-01,0.000000000000000000e+00
5.606000000000000000e+03,3.630223428291027843e-01,0.000000000000000000e+00
5.607000000000000000e+03,1.248326548764712163e-01,0.000000000000000000e+00
5.608000000000000000e+03,-6.556593940615595972e-02,0.000000000000000000e+00
5.609000000000000000e+03,-9.366706171121122471e-02,0.000000000000000000e+00
5.610000000000000000e+03,-2.773845971758461260e-01,0.000000000000000000e+00
5.611000000000000000e+03,-1.571923279406647611e-01,0.000000000000000000e+00
5.612000000000000000e+03,-1.511542222642832944e-01,0.000000000000000000e+00
5.613000000000000000e+03,-2.692089450112214455e-01,0.000000000000000000e+00
5.614000000000000000e+03,-8.640898453816944769e-02,0.000000000000000000e+00
5.615000000000000000e+03,-2.015323328591954732e-01,0.000000000000000000e+00
5.616000000000000000e+03,-1.733398100607327075e-01,0.000000000000000000e+00
5.617000000000000000e+03,-7.692089343827571146e-02,0.000000000000000000e+00
5.618000000000000000e+03,-3.805087109003851831e-02,0.000000000000000000e+00
5.619000000000000000e+03,-1.738981192843909174e-01,0.000000000000000000e+00
5.620000000000000000e+03,8.593604109312767692e-02,0.000000000000000000e+00
5.621000000000000000e+03,-9.320756939197888391e-02,0.000000000000000000e+00
5.622000000000000000e+03,1.878923872066106393e-01,0.000000000000000000e+00
5.623000000000000000e+03,-1.474615730716334061e-01,0.000000000000000000e+00
5.624000000000000000e+03,2.163884150517777216e-01,0.000000000000000000e+00
5.625000000000000000e+03,-1.347781569785395650e-01,0.000000000000000000e+00
5.626000000000000000e+03,9.081052564688112116e-02,0.000000000000000000e+00
5.627000000000000000e+03,-5.594134128056880984e-02,0.000000000000000000e+00
5.628000000000000000e+03,7.986675777589655190e-02,0.000000000000000000e+00
5.629000000000000000e+03,-3.617986519587227529e-02,0.000000000000000000e+00
5.630000000000000000e+03,2.509699718992645656e-01,0.000000000000000000e+00
5.631000000000000000e+03,-4.209714686888014340e-02,0.000000000000000000e+00
5.632000000000000000e+03,1.794537687427407713e-01,0.000000000000000000e+00
5.633000000000000000e+03,-1.486437743619046029e-02,0.000000000000000000e+00
5.634000000000000000e+03,2.434011076725636491e-01,0.000000000000000000e+00
5.635000000000000000e+03,2.162517573033579665e-01,0.000000000000000000e+00
5.636000000000000000e+03,5.608948641472623065e-01,0.000000000000000000e+00
5.637000000000000000e+03,5.081370545513629322e-01,0.000000000000000000e+00
5.638000000000000000e+03,4.906932816578237766e-01,0.000000000000000000e+00
5.639000000000000000e+03,-4.023347605626961809e-01,0.000000000000000000e+00
5.640000000000000000e+03,-1.015115398046903539e-01,0.000000000000000000e+00
5.641000000000000000e+03,-4.543709596357021763e-01,0.000000000000000000e+00
5.642000000000000000e+03,-1.796937320252556605e-02,0.000000000000000000e+00
5.643000000000000000e+03,-4.314821728425966563e-01,0.000000000000000000e+00
5.644000000000000000e+03,2.215021007775581641e+00,0.000000000000000000e+00
5.645000000000000000e+03,5.363296598393862524e+00,0.000000000000000000e+00
5.646000000000000000e+03,-2.828618671854763456e+00,1.000000000000000000e+00
5.647000000000000000e+03,-1.075457680504356750e+00,0.000000000000000000e+00
5.648000000000000000e+03,-1.215807860141999486e+00,0.000000000000000000e+00
5.649000000000000000e+03,-7.431989796449623986e-01,0.000000000000000000e+00
5.650000000000000000e+03,-7.602041004933107748e-01,0.000000000000000000e+00
5.651000000000000000e+03,-5.611039486319390202e-01,0.000000000000000000e+00
5.652000000000000000e+03,-5.146126181196102323e-01,0.000000000000000000e+00
5.653000000000000000e+03,-5.047772940868419100e-01,0.000000000000000000e+00
5.654000000000000000e+03,-3.118932106455193920e-01,0.000000000000000000e+00
5.655000000000000000e+03,-3.384341192723464009e-01,0.000000000000000000e+00
5.656000000000000000e+03,-2.478678468785562305e-01,0.000000000000000000e+00
5.657000000000000000e+03,-1.175914513389161309e-01,0.000000000000000000e+00
5.658000000000000000e+03,-1.339104161046842933e-01,0.000000000000000000e+00
5.659000000000000000e+03,1.266666833790684177e-01,0.000000000000000000e+00
5.660000000000000000e+03,3.716929043535058819e-01,0.000000000000000000e+00
5.661000000000000000e+03,1.530105808515135057e-01,0.000000000000000000e+00
5.662000000000000000e+03,9.771771101280238292e-02,0.000000000000000000e+00
5.663000000000000000e+03,-6.709196196719043048e-02,0.000000000000000000e+00
5.664000000000000000e+03,-1.583117200604102770e-01,0.000000000000000000e+00
5.665000000000000000e+03,-1.855365930114239725e-01,0.000000000000000000e+00
5.666000000000000000e+03,-1.284391024034227946e-01,0.000000000000000000e+00
5.667000000000000000e+03,-1.263881218381468774e-01,0.000000000000000000e+00
5.668000000000000000e+03,-1.315032843935084461e-01,0.000000000000000000e+00
5.669000000000000000e+03,-1.683031730346402077e-01,0.000000000000000000e+00
5.670000000000000000e+03,-2.152740909296311511e-01,0.000000000000000000e+00
5.671000000000000000e+03,-1.667228588473686768e-01,0.000000000000000000e+00
5.672000000000000000e+03,-3.201846638742061879e-02,0.000000000000000000e+00
5.673000000000000000e+03,2.768278708964594728e-02,0.000000000000000000e+00
5.674000000000000000e+03,-1.463377457091766774e-02,0.000000000000000000e+00
5.675000000000000000e+03,1.776863886261849657e-01,0.000000000000000000e+00
5.676000000000000000e+03,1.292213662553431119e-01,0.000000000000000000e+00
5.677000000000000000e+03,1.041575535390088514e-01,0.000000000000000000e+00
5.678000000000000000e+03,-4.159496513252287225e-02,0.000000000000000000e+00
5.679000000000000000e+03,4.494478738800847251e-02,0.000000000000000000e+00
5.680000000000000000e+03,1.569174326002330810e-01,0.000000000000000000e+00
5.681000000000000000e+03,4.332301334587513458e-02,0.000000000000000000e+00
5.682000000000000000e+03,2.949958997220774592e-01,0.000000000000000000e+00
5.683000000000000000e+03,1.588290939801538168e-02,0.000000000000000000e+00
5.684000000000000000e+03,1.287637063409356741e-01,0.000000000000000000e+00
5.685000000000000000e+03,5.989720539160985069e-02,0.000000000000000000e+00
5.686000000000000000e+03,1.531341988597155479e-01,0.000000000000000000e+00
5.687000000000000000e+03,7.990133929393988810e-02,0.000000000000000000e+00
5.688000000000000000e+03,2.278187461911667655e-01,0.000000000000000000e+00
5.689000000000000000e+03,1.422827152885507151e-01,0.000000000000000000e+00
5.690000000000000000e+03,3.763416066109558922e-01,0.000000000000000000e+00
5.691000000000000000e+03,3.237784930373623915e-01,0.000000000000000000e+00
5.692000000000000000e+03,5.606092696702345002e-01,0.000000000000000000e+00
5.693000000000000000e+03,4.829589457154139231e-01,0.000000000000000000e+00
5.694000000000000000e+03,2.036533938440552305e-01,0.000000000000000000e+00
5.695000000000000000e+03,-3.617300261115129478e-01,0.000000000000000000e+00
5.696000000000000000e+03,-3.004487764296506422e-02,0.000000000000000000e+00
5.697000000000000000e+03,-5.275771386030632115e-01,0.000000000000000000e+00
5.698000000000000000e+03,2.656356400139945340e-01,0.000000000000000000e+00
5.699000000000000000e+03,-2.560088671446587028e-01,0.000000000000000000e+00
5.700000000000000000e+03,5.750008595023039959e+00,0.000000000000000000e+00
5.701000000000000000e+03,4.165546777367644671e-01,1.000000000000000000e+00
5.702000000000000000e+03,-3.011568118749788692e+00,0.000000000000000000e+00
5.703000000000000000e+03,-3.959121401710531396e-01,0.000000000000000000e+00
5.704000000000000000e+03,-1.258172726952276443e+00,0.000000000000000000e+00
5.705000000000000000e+03,-3.123562583794514680e-01,0.000000000000000000e+00
5.706000000000000000e+03,-9.257905762253820781e-01,0.000000000000000000e+00
5.707000000000000000e+03,-5.722330822840648867e-02,0.000000000000000000e+00
5.708000000000000000e+03,-6.321985766112547811e-01,0.000000000000000000e+00
5.709000000000000000e+03,5.176946057066566728e-03,0.000000000000000000e+00
5.710000000000000000e+03,-3.757151103546905735e-01,0.000000000000000000e+00
5.711000000000000000e+03,7.424840224106087072e-02,0.000000000000000000e+00
5.712000000000000000e+03,-3.735769733811627469e-01,0.000000000000000000e+00
5.713000000000000000e+03,2.132661405227342100e-01,0.000000000000000000e+00
5.714000000000000000e+03,-9.363011523817051096e-02,0.000000000000000000e+00
5.715000000000000000e+03,3.805379307288883628e-01,0.000000000000000000e+00
5.716000000000000000e+03,1.418758291970385332e-01,0.000000000000000000e+00
5.717000000000000000e+03,4.238209667951493564e-01,0.000000000000000000e+00
5.718000000000000000e+03,-2.949719254306173433e-01,0.000000000000000000e+00
5.719000000000000000e+03,-6.523193385932656019e-02,0.000000000000000000e+00
5.720000000000000000e+03,-3.164989627000781014e-01,0.000000000000000000e+00
5.721000000000000000e+03,-1.008067175453930125e-01,0.000000000000000000e+00
5.722000000000000000e+03,-3.211239306066276389e-01,0.000000000000000000e+00
5.723000000000000000e+03,-1.397487435247790344e-01,0.000000000000000000e+00
5.724000000000000000e+03,-2.020947348565215185e-01,0.000000000000000000e+00
5.725000000000000000e+03,-1.504900302064813011e-01,0.000000000000000000e+00
5.726000000000000000e+03,-3.621445369018698179e-01,0.000000000000000000e+00
5.727000000000000000e+03,-4.241268944684949138e-02,0.000000000000000000e+00
5.728000000000000000e+03,-9.778003405753372956e-02,0.000000000000000000e+00
5.729000000000000000e+03,1.800657018620026584e-01,0.000000000000000000e+00
5.730000000000000000e+03,-9.109218445607611403e-02,0.000000000000000000e+00
5.731000000000000000e+03,5.559834870913416688e-02,0.000000000000000000e+00
5.732000000000000000e+03,-6.576859061579662380e-02,0.000000000000000000e+00
5.733000000000000000e+03,2.350675822368003542e-01,0.000000000000000000e+00
5.734000000000000000e+03,-4.933453166657126437e-02,0.000000000000000000e+00
5.735000000000000000e+03,1.294235693200042892e-01,0.000000000000000000e+00
5.736000000000000000e+03,2.811934535272156768e-02,0.000000000000000000e+00
5.737000000000000000e+03,2.233277681950786575e-01,0.000000000000000000e+00
5.738000000000000000e+03,-4.541367351626880017e-02,0.000000000000000000e+00
5.739000000000000000e+03,2.024881281898070207e-01,0.000000000000000000e+00
5.740000000000000000e+03,-1.193154100990130029e-01,0.000000000000000000e+00
5.741000000000000000e+03,7.757283443721882388e-02,0.000000000000000000e+00
5.742000000000000000e+03,2.037593901261385843e-01,0.000000000000000000e+00
5.743000000000000000e+03,3.555949066327840913e-01,0.000000000000000000e+00
5.744000000000000000e+03,1.736560255024030830e-01,0.000000000000000000e+00
5.745000000000000000e+03,6.389155055646486003e-01,0.000000000000000000e+00
5.746000000000000000e+03,4.577712633257017827e-01,0.000000000000000000e+00
5.747000000000000000e+03,2.051969720525999852e-01,0.000000000000000000e+00
5.748000000000000000e+03,-3.890527131946858175e-01,0.000000000000000000e+00
5.749000000000000000e+03,4.352521151229927360e-02,0.000000000000000000e+00
5.750000000000000000e+03,-6.729877040705137814e-01,0.000000000000000000e+00
5.751000000000000000e+03,3.530064668438721021e-01,0.000000000000000000e+00
5.752000000000000000e+03,-7.548808868878834621e-01,0.000000000000000000e+00
5.753000000000000000e+03,4.448300367434033120e+00,0.000000000000000000e+00
5.754000000000000000e+03,2.715962142613114860e+00,1.000000000000000000e+00
5.755000000000000000e+03,-3.664319313082394558e+00,0.000000000000000000e+00
5.756000000000000000e+03,-2.834557203287405569e-01,0.000000000000000000e+00
5.757000000000000000e+03,-1.161770859799994726e+00,0.000000000000000000e+00
5.758000000000000000e+03,-3.453496449312251082e-01,0.000000000000000000e+00
5.759000000000000000e+03,-6.760081576567185113e-01,0.000000000000000000e+00
5.760000000000000000e+03,-1.849348021101416828e-01,0.000000000000000000e+00
5.761000000000000000e+03,-4.686351278883007510e-01,0.000000000000000000e+00
5.762000000000000000e+03,-1.248269224369906276e-02,0.000000000000000000e+00
5.763000000000000000e+03,-3.906363274266317909e-01,0.000000000000000000e+00
5.764000000000000000e+03,1.128386634006447176e-01,0.000000000000000000e+00
5.765000000000000000e+03,-1.921597474343964274e-01,0.000000000000000000e+00
5.766000000000000000e+03,2.552659014457111519e-01,0.000000000000000000e+00
5.767000000000000000e+03,-1.323446501038467726e-01,0.000000000000000000e+00
5.768000000000000000e+03,3.934693415934849003e-01,0.000000000000000000e+00
5.769000000000000000e+03,2.434952708904153940e-01,0.000000000000000000e+00
5.770000000000000000e+03,4.124087068686048130e-01,0.000000000000000000e+00
5.771000000000000000e+03,5.850437963556075205e-03,0.000000000000000000e+00
5.772000000000000000e+03,-4.343497134375680704e-03,0.000000000000000000e+00
5.773000000000000000e+03,-3.226409428529669610e-01,0.000000000000000000e+00
5.774000000000000000e+03,-1.347684467236278660e-01,0.000000000000000000e+00
5.775000000000000000e+03,-3.685362221979634478e-01,0.000000000000000000e+00
5.776000000000000000e+03,-1.831962249712707214e-01,0.000000000000000000e+00
5.777000000000000000e+03,-2.222175249310602285e-01,0.000000000000000000e+00
5.778000000000000000e+03,-6.945717612067318393e-03,0.000000000000000000e+00
5.779000000000000000e+03,-3.393616598527961492e-01,0.000000000000000000e+00
5.780000000000000000e+03,-4.796171419448544415e-02,0.000000000000000000e+00
5.781000000000000000e+03,-2.626308123116060100e-01,0.000000000000000000e+00
5.782000000000000000e+03,2.181801244187377142e-01,0.000000000000000000e+00
5.783000000000000000e+03,-2.277812523437154069e-01,0.000000000000000000e+00
5.784000000000000000e+03,5.126823382028300458e-02,0.000000000000000000e+00
5.785000000000000000e+03,-1.631501847063582256e-01,0.000000000000000000e+00
5.786000000000000000e+03,1.547316086436166249e-01,0.000000000000000000e+00
5.787000000000000000e+03,-1.728763246662775449e-02,0.000000000000000000e+00
5.788000000000000000e+03,5.642750013653035496e-02,0.000000000000000000e+00
5.789000000000000000e+03,-1.642187388435342038e-02,0.000000000000000000e+00
5.790000000000000000e+03,8.322412180567377582e-02,0.000000000000000000e+00
5.791000000000000000e+03,-1.351879816560525895e-02,0.000000000000000000e+00
5.792000000000000000e+03,1.658489538584290157e-01,0.000000000000000000e+00
5.793000000000000000e+03,1.228545903918804305e-01,0.000000000000000000e+00
5.794000000000000000e+03,2.215539152428457614e-01,0.000000000000000000e+00
5.795000000000000000e+03,1.922989969443214542e-01,0.000000000000000000e+00
5.796000000000000000e+03,4.298931025561292807e-01,0.000000000000000000e+00
5.797000000000000000e+03,3.782862858310042098e-01,0.000000000000000000e+00
5.798000000000000000e+03,6.853457016797265267e-01,0.000000000000000000e+00
5.799000000000000000e+03,3.199364412723248452e-01,0.000000000000000000e+00
5.800000000000000000e+03,3.720648145403407381e-02,0.000000000000000000e+00
5.801000000000000000e+03,-5.316219073939877360e-01,0.000000000000000000e+00
5.802000000000000000e+03,-3.898253391576184113e-02,0.000000000000000000e+00
5.803000000000000000e+03,-3.976277891207218862e-01,0.000000000000000000e+00
5.804000000000000000e+03,8.620168289013635521e-02,0.000000000000000000e+00
5.805000000000000000e+03,5.749953865268532249e-01,0.000000000000000000e+00
5.806000000000000000e+03,5.891354744931408760e+00,0.000000000000000000e+00
5.807000000000000000e+03,-1.745041956197412869e+00,1.000000000000000000e+00
5.808000000000000000e+03,-1.926642196496772375e+00,0.000000000000000000e+00
5.809000000000000000e+03,-5.832010453551929041e-01,0.000000000000000000e+00
5.810000000000000000e+03,-7.371856758967142431e-01,0.000000000000000000e+00
5.811000000000000000e+03,-5.642444953192045087e-01,0.000000000000000000e+00
5.812000000000000000e+03,-6.141298910547036138e-01,0.000000000000000000e+00
5.813000000000000000e+03,-3.610963376838373651e-01,0.000000000000000000e+00
5.814000000000000000e+03,-3.756151330726720805e-01,0.000000000000000000e+00
5.815000000000000000e+03,-2.579491078352110223e-01,0.000000000000000000e+00
5.816000000000000000e+03,-3.055137015599168060e-01,0.000000000000000000e+00
5.817000000000000000e+03,-1.599224529938646569e-02,0.000000000000000000e+00
5.818000000000000000e+03,-5.685167124460614035e-02,0.000000000000000000e+00
5.819000000000000000e+03,7.449032249759252738e-03,0.000000000000000000e+00
5.820000000000000000e+03,1.867628088869858205e-01,0.000000000000000000e+00
5.821000000000000000e+03,1.384880878953247130e-01,0.000000000000000000e+00
5.822000000000000000e+03,2.187022579862942795e-01,0.000000000000000000e+00
5.823000000000000000e+03,1.060034438119621808e-01,0.000000000000000000e+00
5.824000000000000000e+03,7.821125965326328200e-02,0.000000000000000000e+00
5.825000000000000000e+03,-1.894145914282279186e-01,0.000000000000000000e+00
5.826000000000000000e+03,-2.218176529607494285e-01,0.000000000000000000e+00
5.827000000000000000e+03,-2.281112219555896936e-01,0.000000000000000000e+00
5.828000000000000000e+03,-3.455165201536774533e-01,0.000000000000000000e+00
5.829000000000000000e+03,-2.221822420321338809e-01,0.000000000000000000e+00
5.830000000000000000e+03,-2.004677337897408096e-01,0.000000000000000000e+00
5.831000000000000000e+03,-2.897185749190157589e-01,0.000000000000000000e+00
5.832000000000000000e+03,-7.283765472411515840e-02,0.000000000000000000e+00
5.833000000000000000e+03,-2.007817107733038675e-01,0.000000000000000000e+00
5.834000000000000000e+03,-4.304361289173746358e-02,0.000000000000000000e+00
5.835000000000000000e+03,-1.732351935324973335e-01,0.000000000000000000e+00
5.836000000000000000e+03,1.325418523504757196e-01,0.000000000000000000e+00
5.837000000000000000e+03,-1.672819034130859084e-01,0.000000000000000000e+00
5.838000000000000000e+03,8.837486086424915788e-02,0.000000000000000000e+00
5.839000000000000000e+03,-4.142419176007763187e-02,0.000000000000000000e+00
5.840000000000000000e+03,1.427681932032070222e-01,0.000000000000000000e+00
5.841000000000000000e+03,-8.588607098644177040e-02,0.000000000000000000e+00
5.842000000000000000e+03,8.510722692332585437e-02,0.000000000000000000e+00
5.843000000000000000e+03,-2.712666387630961740e-02,0.000000000000000000e+00
5.844000000000000000e+03,1.701272835931830485e-01,0.000000000000000000e+00
5.845000000000000000e+03,9.542441218831330951e-02,0.000000000000000000e+00
5.846000000000000000e+03,2.514672167709224304e-01,0.000000000000000000e+00
5.847000000000000000e+03,3.441021835587449590e-02,0.000000000000000000e+00
5.848000000000000000e+03,1.792951416647328988e-01,0.000000000000000000e+00
5.849000000000000000e+03,8.268729269647079327e-02,0.000000000000000000e+00
5.850000000000000000e+03,3.332753739910758184e-01,0.000000000000000000e+00
5.851000000000000000e+03,2.853715463368104999e-01,0.000000000000000000e+00
5.852000000000000000e+03,7.757894351531178234e-01,0.000000000000000000e+00
5.853000000000000000e+03,4.404193150247676103e-01,0.000000000000000000e+00
5.854000000000000000e+03,3.454263771060109289e-01,0.000000000000000000e+00
5.855000000000000000e+03,-5.282451933554966894e-01,0.000000000000000000e+00
5.856000000000000000e+03,1.218374683573600348e-01,0.000000000000000000e+00
5.857000000000000000e+03,-7.459416436088688318e-01,0.000000000000000000e+00
5.858000000000000000e+03,4.587436322607667538e-01,0.000000000000000000e+00
5.859000000000000000e+03,-7.634025394817994803e-01,0.000000000000000000e+00
5.860000000000000000e+03,4.980516438714492011e+00,0.000000000000000000e+00
5.861000000000000000e+03,2.440846875652729953e+00,1.000000000000000000e+00
5.862000000000000000e+03,-3.259244135304411039e+00,0.000000000000000000e+00
5.863000000000000000e+03,-4.485808657779152275e-01,0.000000000000000000e+00
5.864000000000000000e+03,-1.442754955153565000e+00,0.000000000000000000e+00
5.865000000000000000e+03,-3.834103050074525454e-01,0.000000000000000000e+00
5.866000000000000000e+03,-9.486208537653024742e-01,0.000000000000000000e+00
5.867000000000000000e+03,-2.846172777879711346e-01,0.000000000000000000e+00
5.868000000000000000e+03,-6.544324740641034310e-01,0.000000000000000000e+00
5.869000000000000000e+03,-3.098772478322981971e-01,0.000000000000000000e+00
5.870000000000000000e+03,-6.845599375231758987e-01,0.000000000000000000e+00
5.871000000000000000e+03,-1.539343850554883431e-01,0.000000000000000000e+00
5.872000000000000000e+03,-3.880577593231181455e-01,0.000000000000000000e+00
5.873000000000000000e+03,1.065714317789139415e-01,0.000000000000000000e+00
5.874000000000000000e+03,-1.361219128276724144e-01,0.000000000000000000e+00
5.875000000000000000e+03,2.950783248931101443e-01,0.000000000000000000e+00
5.876000000000000000e+03,-6.340360167694905624e-02,0.000000000000000000e+00
5.877000000000000000e+03,3.950006019077372810e-01,0.000000000000000000e+00
5.878000000000000000e+03,-1.289957867604086539e-01,0.000000000000000000e+00
5.879000000000000000e+03,5.211809083191257935e-02,0.000000000000000000e+00
5.880000000000000000e+03,-2.029241483115345190e-01,0.000000000000000000e+00
5.881000000000000000e+03,-2.084939540489380572e-01,0.000000000000000000e+00
5.882000000000000000e+03,-2.897139294299949652e-01,0.000000000000000000e+00
5.883000000000000000e+03,-4.058645592800060042e-02,0.000000000000000000e+00
5.884000000000000000e+03,-1.910969981624248970e-01,0.000000000000000000e+00
5.885000000000000000e+03,-9.724799792140766119e-02,0.000000000000000000e+00
5.886000000000000000e+03,-2.272483451018977862e-01,0.000000000000000000e+00
5.887000000000000000e+03,-3.787287160356288263e-02,0.000000000000000000e+00
5.888000000000000000e+03,-2.353938928488610860e-02,0.000000000000000000e+00
5.889000000000000000e+03,4.187833958935844453e-02,0.000000000000000000e+00
5.890000000000000000e+03,-5.713701364597750798e-02,0.000000000000000000e+00
5.891000000000000000e+03,1.639593896329789302e-01,0.000000000000000000e+00
5.892000000000000000e+03,-1.643440571042912024e-01,0.000000000000000000e+00
5.893000000000000000e+03,1.690922085258108332e-01,0.000000000000000000e+00
5.894000000000000000e+03,1.122110761717626248e-02,0.000000000000000000e+00
5.895000000000000000e+03,1.386077289554554504e-01,0.000000000000000000e+00
5.896000000000000000e+03,-5.116717912807283719e-02,0.000000000000000000e+00
5.897000000000000000e+03,1.399411491107568073e-01,0.000000000000000000e+00
5.898000000000000000e+03,-3.968912295541691254e-02,0.000000000000000000e+00
5.899000000000000000e+03,2.039676126071528484e-01,0.000000000000000000e+00
5.900000000000000000e+03,1.886567281355350581e-02,0.000000000000000000e+00
5.901000000000000000e+03,3.289560348308324667e-01,0.000000000000000000e+00
5.902000000000000000e+03,4.687889334676935416e-02,0.000000000000000000e+00
5.903000000000000000e+03,4.227529164613154644e-01,0.000000000000000000e+00
5.904000000000000000e+03,7.039330275652634639e-02,0.000000000000000000e+00
5.905000000000000000e+03,5.284391889656312458e-01,0.000000000000000000e+00
5.906000000000000000e+03,1.349266439981002819e-01,0.000000000000000000e+00
5.907000000000000000e+03,8.020706200876498437e-01,0.000000000000000000e+00
5.908000000000000000e+03,5.345264694680778028e-01,0.000000000000000000e+00
5.909000000000000000e+03,7.579970265063977752e-01,0.000000000000000000e+00
5.910000000000000000e+03,-3.455053922307780856e-01,0.000000000000000000e+00
5.911000000000000000e+03,-6.396607576191393196e-02,0.000000000000000000e+00
5.912000000000000000e+03,-5.115687139083903157e-01,0.000000000000000000e+00
5.913000000000000000e+03,2.982506185824362333e-01,0.000000000000000000e+00
5.914000000000000000e+03,-4.515422510684165003e-01,0.000000000000000000e+00
5.915000000000000000e+03,2.706483083262682499e+00,0.000000000000000000e+00
5.916000000000000000e+03,5.081706447083906397e+00,0.000000000000000000e+00
5.917000000000000000e+03,-3.027141344072455276e+00,1.000000000000000000e+00
5.918000000000000000e+03,-9.803139873410312566e-01,0.000000000000000000e+00
5.919000000000000000e+03,-9.315924174193119800e-01,0.000000000000000000e+00
5.920000000000000000e+03,-7.024575777576966829e-01,0.000000000000000000e+00
5.921000000000000000e+03,-7.231786444604317854e-01,0.000000000000000000e+00
5.922000000000000000e+03,-4.035262214595416452e-01,0.000000000000000000e+00
5.923000000000000000e+03,-4.310009133359365419e-01,0.000000000000000000e+00
5.924000000000000000e+03,-1.518709997816617141e-01,0.000000000000000000e+00
5.925000000000000000e+03,-3.927528061498711254e-01,0.000000000000000000e+00
5.926000000000000000e+03,-1.003103284450185678e-01,0.000000000000000000e+00
5.927000000000000000e+03,-2.097845870572636051e-01,0.000000000000000000e+00
5.928000000000000000e+03,8.956193634050267638e-02,0.000000000000000000e+00
5.929000000000000000e+03,1.211248912708660225e-02,0.000000000000000000e+00
5.930000000000000000e+03,2.306419113585251313e-01,0.000000000000000000e+00
5.931000000000000000e+03,2.496340559771467182e-01,0.000000000000000000e+00
5.932000000000000000e+03,2.953509455623694047e-01,0.000000000000000000e+00
5.933000000000000000e+03,-3.279136337861860567e-02,0.000000000000000000e+00
5.934000000000000000e+03,-1.749052624432057557e-01,0.000000000000000000e+00
5.935000000000000000e+03,-1.793352681524740810e-01,0.000000000000000000e+00
5.936000000000000000e+03,-1.059587426082682915e-01,0.000000000000000000e+00
5.937000000000000000e+03,-2.217505240795100696e-01,0.000000000000000000e+00
5.938000000000000000e+03,-3.543234662836106108e-01,0.000000000000000000e+00
5.939000000000000000e+03,-2.252993882718536955e-01,0.000000000000000000e+00
5.940000000000000000e+03,-2.635491336057019240e-01,0.000000000000000000e+00
5.941000000000000000e+03,-3.619621082992436900e-01,0.000000000000000000e+00
5.942000000000000000e+03,-2.358336760494016970e-01,0.000000000000000000e+00
5.943000000000000000e+03,-1.662993313450092381e-01,0.000000000000000000e+00
5.944000000000000000e+03,-1.746359624569751856e-01,0.000000000000000000e+00
5.945000000000000000e+03,-1.031906284663978990e-01,0.000000000000000000e+00
5.946000000000000000e+03,-1.023480605773954000e-01,0.000000000000000000e+00
5.947000000000000000e+03,3.065645174399271936e-02,0.000000000000000000e+00
5.948000000000000000e+03,-1.147226266409373807e-01,0.000000000000000000e+00
5.949000000000000000e+03,-1.203794147850929808e-02,0.000000000000000000e+00
5.950000000000000000e+03,-1.242579022372061574e-02,0.000000000000000000e+00
5.951000000000000000e+03,-1.397424437893154958e-01,0.000000000000000000e+00
5.952000000000000000e+03,-3.629553520698697300e-02,0.000000000000000000e+00
5.953000000000000000e+03,2.396972786769871466e-02,0.000000000000000000e+00
5.954000000000000000e+03,-2.389691753430787657e-01,0.000000000000000000e+00
5.955000000000000000e+03,1.699200630897325648e-01,0.000000000000000000e+00
5.956000000000000000e+03,-2.612163707666175991e-02,0.000000000000000000e+00
5.957000000000000000e+03,1.734949628518571707e-01,0.000000000000000000e+00
5.958000000000000000e+03,2.232805636863178511e-01,0.000000000000000000e+00
5.959000000000000000e+03,3.372758791398711153e-01,0.000000000000000000e+00
5.960000000000000000e+03,3.775889883450324613e-01,0.000000000000000000e+00
5.961000000000000000e+03,5.336529055322684068e-01,0.000000000000000000e+00
5.962000000000000000e+03,3.504280358496384973e-01,0.000000000000000000e+00
5.963000000000000000e+03,1.585483041834577778e-01,0.000000000000000000e+00
5.964000000000000000e+03,-4.162691165161733764e-01,0.000000000000000000e+00
5.965000000000000000e+03,-1.062514894461059206e-01,0.000000000000000000e+00
5.966000000000000000e+03,-4.234849397560755957e-01,0.000000000000000000e+00
5.967000000000000000e+03,4.511670271481762334e-02,0.000000000000000000e+00
5.968000000000000000e+03,2.057166007002411146e-01,0.000000000000000000e+00
5.969000000000000000e+03,5.731405278867516273e+00,0.000000000000000000e+00
5.970000000000000000e+03,-9.434131253382722626e-01,1.000000000000000000e+00
5.971000000000000000e+03,-2.637218365591288194e+00,0.000000000000000000e+00
5.972000000000000000e+03,-4.617506391425662549e-01,0.000000000000000000e+00
5.973000000000000000e+03,-1.086209425788954741e+00,0.000000000000000000e+00
5.974000000000000000e+03,-3.181994517698027436e-01,0.000000000000000000e+00
5.975000000000000000e+03,-8.196545326299163881e-01,0.000000000000000000e+00
5.976000000000000000e+03,-7.417651978702763382e-02,0.000000000000000000e+00
5.977000000000000000e+03,-4.324529076821331808e-01,0.000000000000000000e+00
5.978000000000000000e+03,1.203856775983714184e-01,0.000000000000000000e+00
5.979000000000000000e+03,-3.441390272419728169e-01,0.000000000000000000e+00
5.980000000000000000e+03,1.822398833828524356e-01,0.000000000000000000e+00
5.981000000000000000e+03,-1.090194972687366093e-01,0.000000000000000000e+00
5.982000000000000000e+03,1.890484597731107996e-01,0.000000000000000000e+00
5.983000000000000000e+03,5.046998545805265329e-02,0.000000000000000000e+00
5.984000000000000000e+03,3.625318276427379471e-01,0.000000000000000000e+00
5.985000000000000000e+03,1.769515154310837557e-01,0.000000000000000000e+00
5.986000000000000000e+03,1.046969422487949997e-01,0.000000000000000000e+00
5.987000000000000000e+03,-9.293941136145136839e-02,0.000000000000000000e+00
5.988000000000000000e+03,-1.815901236364377003e-01,0.000000000000000000e+00
5.989000000000000000e+03,-2.922895703601355311e-01,0.000000000000000000e+00
5.990000000000000000e+03,-2.625781090763593673e-01,0.000000000000000000e+00
5.991000000000000000e+03,-3.195953951411535932e-01,0.000000000000000000e+00
5.992000000000000000e+03,-5.634205229943334975e-02,0.000000000000000000e+00
5.993000000000000000e+03,-1.985695820521030386e-01,0.000000000000000000e+00
5.994000000000000000e+03,3.014588023079934481e-02,0.000000000000000000e+00
5.995000000000000000e+03,-2.203740156599753863e-01,0.000000000000000000e+00
5.996000000000000000e+03,3.855239670848020772e-02,0.000000000000000000e+00
5.997000000000000000e+03,4.666956495809956862e-02,0.000000000000000000e+00
5.998000000000000000e+03,2.058447008759694552e-01,0.000000000000000000e+00
5.999000000000000000e+03,-3.511052477700009333e-02,0.000000000000000000e+00
6.000000000000000000e+03,1.939011504325758306e-01,0.000000000000000000e+00
6.001000000000000000e+03,-3.203228354509481818e-02,0.000000000000000000e+00
6.002000000000000000e+03,3.321899889324922417e-01,0.000000000000000000e+00
6.003000000000000000e+03,2.223204812905988184e-04,0.000000000000000000e+00
6.004000000000000000e+03,2.542543953030105830e-01,0.000000000000000000e+00
6.005000000000000000e+03,3.033974955613983823e-02,0.000000000000000000e+00
6.006000000000000000e+03,1.405277253788794201e-01,0.000000000000000000e+00
6.007000000000000000e+03,6.229048988898925471e-02,0.000000000000000000e+00
6.008000000000000000e+03,3.292268931070407856e-01,0.000000000000000000e+00
6.009000000000000000e+03,9.052964628632097221e-02,0.000000000000000000e+00
6.010000000000000000e+03,5.021515810623621290e-01,0.000000000000000000e+00
6.011000000000000000e+03,2.742046104315710164e-01,0.000000000000000000e+00
6.012000000000000000e+03,8.105370691633744240e-01,0.000000000000000000e+00
6.013000000000000000e+03,3.038816237545972077e-01,0.000000000000000000e+00
6.014000000000000000e+03,3.430079712286097093e-01,0.000000000000000000e+00
6.015000000000000000e+03,-5.470159413110020630e-01,0.000000000000000000e+00
6.016000000000000000e+03,8.755214560024647541e-02,0.000000000000000000e+00
6.017000000000000000e+03,-6.004240462495090691e-01,0.000000000000000000e+00
6.018000000000000000e+03,6.165038271220609767e-01,0.000000000000000000e+00
6.019000000000000000e+03,-6.959712481577865484e-01,0.000000000000000000e+00
6.020000000000000000e+03,5.498124592636366437e+00,0.000000000000000000e+00
6.021000000000000000e+03,7.270152122302155906e-01,1.000000000000000000e+00
6.022000000000000000e+03,-3.284171946121537733e+00,0.000000000000000000e+00
6.023000000000000000e+03,-2.774341530273197187e-01,0.000000000000000000e+00
6.024000000000000000e+03,-1.297807553716108897e+00,0.000000000000000000e+00
6.025000000000000000e+03,-2.349705599000980472e-01,0.000000000000000000e+00
6.026000000000000000e+03,-6.187596812491670262e-01,0.000000000000000000e+00
6.027000000000000000e+03,-1.145058664424770389e-01,0.000000000000000000e+00
6.028000000000000000e+03,-5.696264666037047508e-01,0.000000000000000000e+00
6.029000000000000000e+03,-1.583358235868616848e-01,0.000000000000000000e+00
6.030000000000000000e+03,-2.800539608861013496e-01,0.000000000000000000e+00
6.031000000000000000e+03,-5.911561325233011602e-03,0.000000000000000000e+00
6.032000000000000000e+03,-1.216137907232807819e-01,0.000000000000000000e+00
6.033000000000000000e+03,6.664788172663094201e-02,0.000000000000000000e+00
6.034000000000000000e+03,3.457684370889868575e-02,0.000000000000000000e+00
6.035000000000000000e+03,4.073005552007243901e-01,0.000000000000000000e+00
6.036000000000000000e+03,1.892419465527954980e-01,0.000000000000000000e+00
6.037000000000000000e+03,3.440298272549460745e-01,0.000000000000000000e+00
6.038000000000000000e+03,-9.675776973607783105e-02,0.000000000000000000e+00
6.039000000000000000e+03,-4.103985794002593113e-02,0.000000000000000000e+00
6.040000000000000000e+03,-5.163007136925300555e-01,0.000000000000000000e+00
6.041000000000000000e+03,-1.479167108378680318e-01,0.000000000000000000e+00
6.042000000000000000e+03,-3.267265968245228747e-01,0.000000000000000000e+00
6.043000000000000000e+03,-1.955794848158097510e-01,0.000000000000000000e+00
6.044000000000000000e+03,-4.006893563939027403e-01,0.000000000000000000e+00
6.045000000000000000e+03,-1.189200350726631467e-01,0.000000000000000000e+00
6.046000000000000000e+03,-3.075000586159689631e-01,0.000000000000000000e+00
6.047000000000000000e+03,-1.253189049338807315e-01,0.000000000000000000e+00
6.048000000000000000e+03,-2.458144430467435471e-01,0.000000000000000000e+00
6.049000000000000000e+03,9.008840415429084092e-02,0.000000000000000000e+00
6.050000000000000000e+03,-1.797083944644051468e-01,0.000000000000000000e+00
6.051000000000000000e+03,6.113725110427208759e-02,0.000000000000000000e+00
6.052000000000000000e+03,-1.441996237133041092e-01,0.000000000000000000e+00
6.053000000000000000e+03,1.119095078950016198e-01,0.000000000000000000e+00
6.054000000000000000e+03,-1.704249471983797781e-01,0.000000000000000000e+00
6.055000000000000000e+03,-6.219563155383350285e-03,0.000000000000000000e+00
6.056000000000000000e+03,-1.506578196298311301e-01,0.000000000000000000e+00
6.057000000000000000e+03,1.028116576815437527e-01,0.000000000000000000e+00
6.058000000000000000e+03,-1.467858433848777955e-01,0.000000000000000000e+00
6.059000000000000000e+03,2.881533859730006086e-01,0.000000000000000000e+00
6.060000000000000000e+03,-1.625847780414109156e-01,0.000000000000000000e+00
6.061000000000000000e+03,1.862901711369588376e-01,0.000000000000000000e+00
6.062000000000000000e+03,1.294888269833029959e-01,0.000000000000000000e+00
6.063000000000000000e+03,4.262729775815607969e-01,0.000000000000000000e+00
6.064000000000000000e+03,2.653855274782005447e-01,0.000000000000000000e+00
6.065000000000000000e+03,7.676785100295379083e-01,0.000000000000000000e+00
6.066000000000000000e+03,3.319314230729201176e-01,0.000000000000000000e+00
6.067000000000000000e+03,6.669961213635233754e-02,0.000000000000000000e+00
6.068000000000000000e+03,-4.387412388080585979e-01,0.000000000000000000e+00
6.069000000000000000e+03,-6.698628115522531346e-02,0.000000000000000000e+00
6.070000000000000000e+03,-4.400872870847101770e-01,0.000000000000000000e+00
6.071000000000000000e+03,4.576512639072209399e-01,0.000000000000000000e+00
6.072000000000000000e+03,-3.701072717051027694e-01,0.000000000000000000e+00
6.073000000000000000e+03,6.027864605103400386e+00,0.000000000000000000e+00
6.074000000000000000e+03,-1.620533405600865229e-01,1.000000000000000000e+00
6.075000000000000000e+03,-2.346937641983364742e+00,0.000000000000000000e+00
6.076000000000000000e+03,-4.855028552688924748e-01,0.000000000000000000e+00
6.077000000000000000e+03,-9.933133517611957286e-01,0.000000000000000000e+00
6.078000000000000000e+03,-3.665594268790751120e-01,0.000000000000000000e+00
6.079000000000000000e+03,-7.286921385642104454e-01,0.000000000000000000e+00
6.080000000000000000e+03,-3.701221993432490809e-01,0.000000000000000000e+00
6.081000000000000000e+03,-5.286066744038256937e-01,0.000000000000000000e+00
6.082000000000000000e+03,-1.408753844383936471e-01,0.000000000000000000e+00
6.083000000000000000e+03,-5.549725074392942714e-01,0.000000000000000000e+00
6.084000000000000000e+03,-1.103616745487151912e-01,0.000000000000000000e+00
6.085000000000000000e+03,-1.579310088941821566e-01,0.000000000000000000e+00
6.086000000000000000e+03,1.100729493008408694e-01,0.000000000000000000e+00
6.087000000000000000e+03,-3.657231162313086953e-02,0.000000000000000000e+00
6.088000000000000000e+03,4.084836181774407216e-01,0.000000000000000000e+00
6.089000000000000000e+03,1.384504292479820098e-01,0.000000000000000000e+00
6.090000000000000000e+03,4.041629848968554817e-01,0.000000000000000000e+00
6.091000000000000000e+03,-4.761021662304226049e-02,0.000000000000000000e+00
6.092000000000000000e+03,-7.556200978055434281e-02,0.000000000000000000e+00
6.093000000000000000e+03,-8.001063500132163386e-02,0.000000000000000000e+00
6.094000000000000000e+03,-2.706527539784123748e-01,0.000000000000000000e+00
6.095000000000000000e+03,-1.771724290970030369e-01,0.000000000000000000e+00
6.096000000000000000e+03,-8.886956777092833160e-02,0.000000000000000000e+00
6.097000000000000000e+03,-2.666729377913735766e-01,0.000000000000000000e+00
6.098000000000000000e+03,-2.316721692771411545e-01,0.000000000000000000e+00
6.099000000000000000e+03,-1.920160303137199154e-01,0.000000000000000000e+00
6.100000000000000000e+03,-2.445048106805987054e-01,0.000000000000000000e+00
6.101000000000000000e+03,1.968881994184231571e-02,0.000000000000000000e+00
6.102000000000000000e+03,-1.895991103364030872e-01,0.000000000000000000e+00
6.103000000000000000e+03,4.451291068527096773e-02,0.000000000000000000e+00
6.104000000000000000e+03,1.703595919278106663e-01,0.000000000000000000e+00
6.105000000000000000e+03,1.612358236009127088e-01,0.000000000000000000e+00
6.106000000000000000e+03,-1.065422602622140974e-01,0.000000000000000000e+00
6.107000000000000000e+03,1.215694492243541147e-01,0.000000000000000000e+00
6.108000000000000000e+03,-4.640304144212126225e-02,0.000000000000000000e+00
6.109000000000000000e+03,2.008928827197727918e-01,0.000000000000000000e+00
6.110000000000000000e+03,-8.610949324307790032e-02,0.000000000000000000e+00
6.111000000000000000e+03,1.782494299708300423e-01,0.000000000000000000e+00
6.112000000000000000e+03,-8.101277592848739328e-02,0.000000000000000000e+00
6.113000000000000000e+03,1.408158581655554464e-01,0.000000000000000000e+00
6.114000000000000000e+03,3.312180577831492362e-02,0.000000000000000000e+00
6.115000000000000000e+03,1.885016574171627102e-01,0.000000000000000000e+00
6.116000000000000000e+03,1.100298448363333376e-01,0.000000000000000000e+00
6.117000000000000000e+03,3.591183239185054554e-01,0.000000000000000000e+00
6.118000000000000000e+03,2.505396063184228694e-01,0.000000000000000000e+00
6.119000000000000000e+03,6.096355025597831601e-01,0.000000000000000000e+00
6.120000000000000000e+03,5.127029076513612837e-01,0.000000000000000000e+00
6.121000000000000000e+03,3.224495346073213420e-01,0.000000000000000000e+00
6.122000000000000000e+03,-3.103460824046958000e-01,0.000000000000000000e+00
6.123000000000000000e+03,-8.252916919949043273e-04,0.000000000000000000e+00
6.124000000000000000e+03,-5.110377500241481963e-01,0.000000000000000000e+00
6.125000000000000000e+03,4.449727940530787129e-01,0.000000000000000000e+00
6.126000000000000000e+03,-5.302442874056644273e-01,0.000000000000000000e+00
6.127000000000000000e+03,5.671721202484331315e+00,0.000000000000000000e+00
6.128000000000000000e+03,1.572223227672308488e+00,1.000000000000000000e+00
6.129000000000000000e+03,-3.059523989318710502e+00,0.000000000000000000e+00
6.130000000000000000e+03,-2.808033063683199604e-01,0.000000000000000000e+00
6.131000000000000000e+03,-1.436965977762478142e+00,0.000000000000000000e+00
6.132000000000000000e+03,-2.098320173685694345e-01,0.000000000000000000e+00
6.133000000000000000e+03,-9.563860571293550938e-01,0.000000000000000000e+00
6.134000000000000000e+03,-2.436382924554391927e-01,0.000000000000000000e+00
6.135000000000000000e+03,-6.287461914730724244e-01,0.000000000000000000e+00
6.136000000000000000e+03,-1.395485680773806969e-01,0.000000000000000000e+00
6.137000000000000000e+03,-4.636532734588583726e-01,0.000000000000000000e+00
6.138000000000000000e+03,-7.579550546993629734e-02,0.000000000000000000e+00
6.139000000000000000e+03,-1.780529378628629422e-01,0.000000000000000000e+00
6.140000000000000000e+03,9.559537592295004604e-02,0.000000000000000000e+00
6.141000000000000000e+03,-7.796418995850615263e-02,0.000000000000000000e+00
6.142000000000000000e+03,3.763882026059506281e-01,0.000000000000000000e+00
6.143000000000000000e+03,1.240507031473097981e-02,0.000000000000000000e+00
6.144000000000000000e+03,3.574458140174879284e-01,0.000000000000000000e+00
6.145000000000000000e+03,-1.340271860561598749e-01,0.000000000000000000e+00
6.146000000000000000e+03,-4.734815692066690271e-03,0.000000000000000000e+00
6.147000000000000000e+03,-3.052787369819721652e-01,0.000000000000000000e+00
6.148000000000000000e+03,-6.863545365095312378e-02,0.000000000000000000e+00
6.149000000000000000e+03,-4.071983322794206495e-01,0.000000000000000000e+00
6.150000000000000000e+03,1.636961113716342564e-02,0.000000000000000000e+00
6.151000000000000000e+03,-3.942107303623842984e-01,0.000000000000000000e+00
6.152000000000000000e+03,3.273617243472250193e-02,0.000000000000000000e+00
6.153000000000000000e+03,-2.902695268409866691e-01,0.000000000000000000e+00
6.154000000000000000e+03,-1.068383319280649529e-01,0.000000000000000000e+00
6.155000000000000000e+03,-1.303184925119362514e-01,0.000000000000000000e+00
6.156000000000000000e+03,1.129546089552569410e-01,0.000000000000000000e+00
6.157000000000000000e+03,-1.096391252535710292e-01,0.000000000000000000e+00
6.158000000000000000e+03,3.022039812754357402e-01,0.000000000000000000e+00
6.159000000000000000e+03,2.448589206601813062e-03,0.000000000000000000e+00
6.160000000000000000e+03,8.585522517343227578e-02,0.000000000000000000e+00
6.161000000000000000e+03,-2.824642553806340668e-03,0.000000000000000000e+00
6.162000000000000000e+03,1.573861902518346456e-01,0.000000000000000000e+00
6.163000000000000000e+03,4.164591866803098175e-02,0.000000000000000000e+00
6.164000000000000000e+03,1.379839474446147574e-01,0.000000000000000000e+00
6.165000000000000000e+03,-2.466666113408080493e-02,0.000000000000000000e+00
6.166000000000000000e+03,2.638784806787797810e-01,0.000000000000000000e+00
6.167000000000000000e+03,-2.182628564034082980e-02,0.000000000000000000e+00
6.168000000000000000e+03,3.197947422002316298e-01,0.000000000000000000e+00
6.169000000000000000e+03,-1.966806428034304291e-02,0.000000000000000000e+00
6.170000000000000000e+03,4.520529962520852263e-01,0.000000000000000000e+00
6.171000000000000000e+03,2.226517555473067345e-01,0.000000000000000000e+00
6.172000000000000000e+03,7.405158729815586316e-01,0.000000000000000000e+00
6.173000000000000000e+03,5.326525509534778546e-01,0.000000000000000000e+00
6.174000000000000000e+03,5.304224783981091873e-01,0.000000000000000000e+00
6.175000000000000000e+03,-3.297098702756039446e-01,0.000000000000000000e+00
6.176000000000000000e+03,4.095555880307077956e-02,0.000000000000000000e+00
6.177000000000000000e+03,-5.796348099423255240e-01,0.000000000000000000e+00
6.178000000000000000e+03,1.755614526275935672e-01,0.000000000000000000e+00
6.179000000000000000e+03,-4.294199819664329398e-01,0.000000000000000000e+00
6.180000000000000000e+03,2.137640246181672588e+00,0.000000000000000000e+00
6.181000000000000000e+03,5.152735854928296888e+00,0.000000000000000000e+00
6.182000000000000000e+03,-3.022500081754587509e+00,1.000000000000000000e+00
6.183000000000000000e+03,-1.399644303056257755e+00,0.000000000000000000e+00
6.184000000000000000e+03,-8.068552568014406567e-01,0.000000000000000000e+00
6.185000000000000000e+03,-7.768683141473397002e-01,0.000000000000000000e+00
6.186000000000000000e+03,-5.143724480015080536e-01,0.000000000000000000e+00
6.187000000000000000e+03,-5.554959823444254319e-01,0.000000000000000000e+00
6.188000000000000000e+03,-5.805992388448119046e-01,0.000000000000000000e+00
6.189000000000000000e+03,-4.034130593806614651e-01,0.000000000000000000e+00
6.190000000000000000e+03,-3.288908571272478598e-01,0.000000000000000000e+00
6.191000000000000000e+03,-3.726543038350722536e-01,0.000000000000000000e+00
6.192000000000000000e+03,-1.831768212925836414e-01,0.000000000000000000e+00
6.193000000000000000e+03,-1.553290744563894099e-01,0.000000000000000000e+00
6.194000000000000000e+03,-8.798983277311567611e-03,0.000000000000000000e+00
6.195000000000000000e+03,5.420610303071773245e-02,0.000000000000000000e+00
6.196000000000000000e+03,1.423281746581109009e-01,0.000000000000000000e+00
6.197000000000000000e+03,-7.047081018636726368e-02,0.000000000000000000e+00
6.198000000000000000e+03,1.191429600008546141e-01,0.000000000000000000e+00
6.199000000000000000e+03,-3.662017529767690460e-01,0.000000000000000000e+00
6.200000000000000000e+03,-2.676004793220431166e-01,0.000000000000000000e+00
6.201000000000000000e+03,-3.561065314756712841e-01,0.000000000000000000e+00
6.202000000000000000e+03,-2.371711245399750478e-01,0.000000000000000000e+00
6.203000000000000000e+03,-3.745504933414293136e-01,0.000000000000000000e+00
6.204000000000000000e+03,-1.710585009919326771e-01,0.000000000000000000e+00
6.205000000000000000e+03,-2.963416858403655207e-01,0.000000000000000000e+00
6.206000000000000000e+03,-8.683758294491286667e-02,0.000000000000000000e+00
6.207000000000000000e+03,-2.476287978903293774e-01,0.000000000000000000e+00
6.208000000000000000e+03,2.275737516119691606e-01,0.000000000000000000e+00
6.209000000000000000e+03,-1.012345901435646872e-01,0.000000000000000000e+00
6.210000000000000000e+03,1.491070749759323966e-01,0.000000000000000000e+00
6.211000000000000000e+03,1.399668680705436381e-02,0.000000000000000000e+00
6.212000000000000000e+03,1.719966162193112824e-01,0.000000000000000000e+00
6.213000000000000000e+03,4.488209119103837158e-02,0.000000000000000000e+00
6.214000000000000000e+03,2.652453180749631545e-01,0.000000000000000000e+00
6.215000000000000000e+03,5.621030947873777855e-02,0.000000000000000000e+00
6.216000000000000000e+03,2.256697733165813624e-01,0.000000000000000000e+00
6.217000000000000000e+03,1.340093529893099378e-01,0.000000000000000000e+00
6.218000000000000000e+03,1.909365232053029937e-01,0.000000000000000000e+00
6.219000000000000000e+03,-2.156254861961655507e-03,0.000000000000000000e+00
6.220000000000000000e+03,2.423434726370300996e-01,0.000000000000000000e+00
6.221000000000000000e+03,1.159383342827670499e-01,0.000000000000000000e+00
6.222000000000000000e+03,4.081390868504566893e-01,0.000000000000000000e+00
6.223000000000000000e+03,2.203138112703642848e-01,0.000000000000000000e+00
6.224000000000000000e+03,5.925266144592831186e-01,0.000000000000000000e+00
6.225000000000000000e+03,3.356324610911597395e-01,0.000000000000000000e+00
6.226000000000000000e+03,3.623036847414722317e-01,0.000000000000000000e+00
6.227000000000000000e+03,-5.540393574662896281e-01,0.000000000000000000e+00
6.228000000000000000e+03,1.763424634166148586e-01,0.000000000000000000e+00
6.229000000000000000e+03,-5.406166436933859121e-01,0.000000000000000000e+00
6.230000000000000000e+03,4.517921250420710577e-01,0.000000000000000000e+00
6.231000000000000000e+03,-6.761683217587672878e-01,0.000000000000000000e+00
6.232000000000000000e+03,4.898825248300537005e+00,0.000000000000000000e+00
6.233000000000000000e+03,1.775501253180594041e+00,1.000000000000000000e+00
6.234000000000000000e+03,-3.533311576784236241e+00,0.000000000000000000e+00
6.235000000000000000e+03,-1.625986078858937256e-01,0.000000000000000000e+00
6.236000000000000000e+03,-1.171320914979071759e+00,0.000000000000000000e+00
6.237000000000000000e+03,-9.506163631985463380e-02,0.000000000000000000e+00
6.238000000000000000e+03,-7.793684603316733961e-01,0.000000000000000000e+00
6.239000000000000000e+03,-3.663649640169736044e-02,0.000000000000000000e+00
6.240000000000000000e+03,-4.871568742913649497e-01,0.000000000000000000e+00
6.241000000000000000e+03,5.393499088381733739e-03,0.000000000000000000e+00
6.242000000000000000e+03,-2.663844003119964499e-01,0.000000000000000000e+00
6.243000000000000000e+03,3.335811116143543725e-02,0.000000000000000000e+00
6.244000000000000000e+03,-1.031168801160990689e-01,0.000000000000000000e+00
6.245000000000000000e+03,2.629882799499979606e-01,0.000000000000000000e+00
6.246000000000000000e+03,7.658951305965935419e-05,0.000000000000000000e+00
6.247000000000000000e+03,4.689128578493229615e-01,0.000000000000000000e+00
6.248000000000000000e+03,2.702527856418587282e-01,0.000000000000000000e+00
6.249000000000000000e+03,3.576124063567323597e-01,0.000000000000000000e+00
6.250000000000000000e+03,-1.553056788759498708e-01,0.000000000000000000e+00
6.251000000000000000e+03,-1.052488539438697357e-01,0.000000000000000000e+00
6.252000000000000000e+03,-4.092134021511614206e-01,0.000000000000000000e+00
6.253000000000000000e+03,-2.836766057827928011e-01,0.000000000000000000e+00
6.254000000000000000e+03,-4.392010188686475414e-01,0.000000000000000000e+00
6.255000000000000000e+03,-1.772324552897611705e-01,0.000000000000000000e+00
6.256000000000000000e+03,-3.223505260566361108e-01,0.000000000000000000e+00
6.257000000000000000e+03,-7.058825351693942540e-02,0.000000000000000000e+00
6.258000000000000000e+03,-2.755088322017998359e-01,0.000000000000000000e+00
6.259000000000000000e+03,-8.820852458189527845e-02,0.000000000000000000e+00
6.260000000000000000e+03,-2.894012129134165279e-01,0.000000000000000000e+00
6.261000000000000000e+03,-2.173890527949802129e-02,0.000000000000000000e+00
6.262000000000000000e+03,-5.569650413608381173e-02,0.000000000000000000e+00
6.263000000000000000e+03,-5.849517856186364079e-02,0.000000000000000000e+00
6.264000000000000000e+03,-1.209668929761282125e-01,0.000000000000000000e+00
6.265000000000000000e+03,5.068618888984083304e-02,0.000000000000000000e+00
6.266000000000000000e+03,-3.968480224122866024e-02,0.000000000000000000e+00
6.267000000000000000e+03,8.308132719754746098e-02,0.000000000000000000e+00
6.268000000000000000e+03,-1.246792713964156307e-01,0.000000000000000000e+00
6.269000000000000000e+03,1.101756710269262002e-01,0.000000000000000000e+00
6.270000000000000000e+03,-5.103275326481031271e-02,0.000000000000000000e+00
6.271000000000000000e+03,1.434723235809108877e-01,0.000000000000000000e+00
6.272000000000000000e+03,-2.483748053171540016e-01,0.000000000000000000e+00
6.273000000000000000e+03,2.051866573083920009e-01,0.000000000000000000e+00
6.274000000000000000e+03,-2.786221292102512154e-02,0.000000000000000000e+00
6.275000000000000000e+03,2.721705385932021715e-01,0.000000000000000000e+00
6.276000000000000000e+03,1.805143614645603745e-01,0.000000000000000000e+00
6.277000000000000000e+03,5.641747787156129457e-01,0.000000000000000000e+00
6.278000000000000000e+03,4.049740917943990826e-01,0.000000000000000000e+00
6.279000000000000000e+03,1.876895076470434520e-01,0.000000000000000000e+00
6.280000000000000000e+03,-3.836283324457995247e-01,0.000000000000000000e+00
6.281000000000000000e+03,1.996788217060103676e-01,0.000000000000000000e+00
6.282000000000000000e+03,-6.921148479219774163e-01,0.000000000000000000e+00
6.283000000000000000e+03,3.401697576087211461e-01,0.000000000000000000e+00
6.284000000000000000e+03,-3.471377889571832798e-01,0.000000000000000000e+00
6.285000000000000000e+03,5.737186408520400960e+00,0.000000000000000000e+00
6.286000000000000000e+03,6.641128252934678233e-01,1.000000000000000000e+00
6.287000000000000000e+03,-2.875795028916486196e+00,0.000000000000000000e+00
6.288000000000000000e+03,-2.732313306335607539e-01,0.000000000000000000e+00
6.289000000000000000e+03,-1.279941118145272672e+00,0.000000000000000000e+00
6.290000000000000000e+03,-1.683506958189638913e-01,0.000000000000000000e+00
6.291000000000000000e+03,-8.710611479940466584e-01,0.000000000000000000e+00
6.292000000000000000e+03,-7.132336856956082716e-02,0.000000000000000000e+00
6.293000000000000000e+03,-5.509162789610317912e-01,0.000000000000000000e+00
6.294000000000000000e+03,-8.384587322257927577e-02,0.000000000000000000e+00
6.295000000000000000e+03,-4.039971823873760304e-01,0.000000000000000000e+00
6.296000000000000000e+03,-1.321038858132925957e-04,0.000000000000000000e+00
6.297000000000000000e+03,-1.873740446970636186e-01,0.000000000000000000e+00
6.298000000000000000e+03,2.484498094831699977e-01,0.000000000000000000e+00
6.299000000000000000e+03,-9.782336370562055849e-02,0.000000000000000000e+00
6.300000000000000000e+03,3.393277560606389187e-01,0.000000000000000000e+00
6.301000000000000000e+03,1.530469446317540005e-01,0.000000000000000000e+00
6.302000000000000000e+03,4.278681904428666694e-01,0.000000000000000000e+00
6.303000000000000000e+03,4.895287934742582198e-02,0.000000000000000000e+00
6.304000000000000000e+03,-8.458258660332745871e-02,0.000000000000000000e+00
6.305000000000000000e+03,-3.597603290015456978e-01,0.000000000000000000e+00
6.306000000000000000e+03,-1.315175068175540862e-01,0.000000000000000000e+00
6.307000000000000000e+03,-3.246896334757773950e-01,0.000000000000000000e+00
6.308000000000000000e+03,-1.267737838255316996e-01,0.000000000000000000e+00
6.309000000000000000e+03,-3.216840047182022433e-01,0.000000000000000000e+00
6.310000000000000000e+03,-2.491469057057997538e-01,0.000000000000000000e+00
6.311000000000000000e+03,-3.271507212484168758e-01,0.000000000000000000e+00
6.312000000000000000e+03,8.602442217300905469e-02,0.000000000000000000e+00
6.313000000000000000e+03,-2.166093797354416151e-01,0.000000000000000000e+00
6.314000000000000000e+03,1.416352716643082266e-01,0.000000000000000000e+00
6.315000000000000000e+03,-2.040807572311067464e-01,0.000000000000000000e+00
6.316000000000000000e+03,1.197448860971367934e-01,0.000000000000000000e+00
6.317000000000000000e+03,1.228587546466504421e-02,0.000000000000000000e+00
6.318000000000000000e+03,1.307117612474249513e-01,0.000000000000000000e+00
6.319000000000000000e+03,-1.732187117913714658e-01,0.000000000000000000e+00
6.320000000000000000e+03,2.466726030474618581e-01,0.000000000000000000e+00
6.321000000000000000e+03,-1.193983467198656834e-01,0.000000000000000000e+00
6.322000000000000000e+03,2.453048694738227398e-01,0.000000000000000000e+00
6.323000000000000000e+03,-2.157560445268397187e-02,0.000000000000000000e+00
6.324000000000000000e+03,2.670319628244106624e-01,0.000000000000000000e+00
6.325000000000000000e+03,-2.643683718875545346e-02,0.000000000000000000e+00
6.326000000000000000e+03,2.533133813741711426e-01,0.000000000000000000e+00
6.327000000000000000e+03,-4.752230032358522455e-02,0.000000000000000000e+00
6.328000000000000000e+03,4.281591723071869748e-01,0.000000000000000000e+00
6.329000000000000000e+03,-6.153826074768308646e-02,0.000000000000000000e+00
6.330000000000000000e+03,5.690422710462279543e-01,0.000000000000000000e+00
6.331000000000000000e+03,3.510377440829274831e-01,0.000000000000000000e+00
6.332000000000000000e+03,6.947498619520481311e-01,0.000000000000000000e+00
6.333000000000000000e+03,4.088995922818971507e-01,0.000000000000000000e+00
6.334000000000000000e+03,2.977645559127903296e-01,0.000000000000000000e+00
6.335000000000000000e+03,-5.796888797722782316e-01,0.000000000000000000e+00
6.336000000000000000e+03,1.680524550043746290e-01,0.000000000000000000e+00
6.337000000000000000e+03,-7.387871058960446824e-01,0.000000000000000000e+00
6.338000000000000000e+03,3.035784040320258503e-01,0.000000000000000000e+00
6.339000000000000000e+03,-3.007183917048246169e-01,0.000000000000000000e+00
6.340000000000000000e+03,5.591681939315746419e+00,0.000000000000000000e+00
6.341000000000000000e+03,1.046237236684645522e+00,1.000000000000000000e+00
6.342000000000000000e+03,-2.892636141280306994e+00,0.000000000000000000e+00
6.343000000000000000e+03,-3.190072575748040262e-01,0.000000000000000000e+00
6.344000000000000000e+03,-1.449245622296612579e+00,0.000000000000000000e+00
6.345000000000000000e+03,-3.297808287419866091e-01,0.000000000000000000e+00
6.346000000000000000e+03,-8.889121988143622310e-01,0.000000000000000000e+00
6.347000000000000000e+03,-2.903848094039079841e-01,0.000000000000000000e+00
6.348000000000000000e+03,-4.374813674198982372e-01,0.000000000000000000e+00
6.349000000000000000e+03,-1.522004739985872157e-01,0.000000000000000000e+00
6.350000000000000000e+03,-4.008701027323062771e-01,0.000000000000000000e+00
6.351000000000000000e+03,-1.106540180059690376e-01,0.000000000000000000e+00
6.352000000000000000e+03,-1.651089850650104551e-01,0.000000000000000000e+00
6.353000000000000000e+03,9.194703568383337175e-03,0.000000000000000000e+00
6.354000000000000000e+03,1.271718975276143679e-02,0.000000000000000000e+00
6.355000000000000000e+03,3.436173780817856072e-01,0.000000000000000000e+00
6.356000000000000000e+03,2.425486197610920158e-01,0.000000000000000000e+00
6.357000000000000000e+03,3.025571471417871083e-01,0.000000000000000000e+00
6.358000000000000000e+03,6.016755667597885326e-02,0.000000000000000000e+00
6.359000000000000000e+03,1.019702442268353819e-02,0.000000000000000000e+00
6.360000000000000000e+03,-2.520138516271354101e-01,0.000000000000000000e+00
6.361000000000000000e+03,-5.980390928565850611e-02,0.000000000000000000e+00
6.362000000000000000e+03,-3.682602014072929864e-01,0.000000000000000000e+00
6.363000000000000000e+03,2.097838891037857173e-02,0.000000000000000000e+00
6.364000000000000000e+03,-1.864479105660179215e-01,0.000000000000000000e+00
6.365000000000000000e+03,-1.167730491226473821e-01,0.000000000000000000e+00
6.366000000000000000e+03,-1.826041796626181601e-01,0.000000000000000000e+00
6.367000000000000000e+03,-6.856217193778434138e-02,0.000000000000000000e+00
6.368000000000000000e+03,-1.595303149175896218e-01,0.000000000000000000e+00
6.369000000000000000e+03,7.580539006635263199e-02,0.000000000000000000e+00
6.370000000000000000e+03,-2.414379304882702526e-01,0.000000000000000000e+00
6.371000000000000000e+03,1.613112260881822135e-01,0.000000000000000000e+00
6.372000000000000000e+03,-2.798664148372671800e-02,0.000000000000000000e+00
6.373000000000000000e+03,4.060372921558674103e-02,0.000000000000000000e+00
6.374000000000000000e+03,8.510394604728951928e-02,0.000000000000000000e+00
6.375000000000000000e+03,-1.021770475067092093e-01,0.000000000000000000e+00
6.376000000000000000e+03,6.482235824948358316e-02,0.000000000000000000e+00
6.377000000000000000e+03,1.512608409135491327e-01,0.000000000000000000e+00
6.378000000000000000e+03,-1.850435849412670336e-02,0.000000000000000000e+00
6.379000000000000000e+03,3.581544580466389238e-02,0.000000000000000000e+00
6.380000000000000000e+03,-6.975128671181250739e-02,0.000000000000000000e+00
6.381000000000000000e+03,1.023429634481358430e-01,0.000000000000000000e+00
6.382000000000000000e+03,1.851699485702563638e-02,0.000000000000000000e+00
6.383000000000000000e+03,2.682010935045629485e-01,0.000000000000000000e+00
6.384000000000000000e+03,7.399264929702692450e-02,0.000000000000000000e+00
6.385000000000000000e+03,2.505584034605600752e-01,0.000000000000000000e+00
6.386000000000000000e+03,3.416173376112910942e-01,0.000000000000000000e+00
6.387000000000000000e+03,4.639837178537011830e-01,0.000000000000000000e+00
6.388000000000000000e+03,4.390680909161958634e-01,0.000000000000000000e+00
6.389000000000000000e+03,4.966086434445756148e-01,0.000000000000000000e+00
6.390000000000000000e+03,-5.649984464587630706e-01,0.000000000000000000e+00
6.391000000000000000e+03,1.092559584719754104e-02,0.000000000000000000e+00
6.392000000000000000e+03,-6.460465495173907113e-01,0.000000000000000000e+00
6.393000000000000000e+03,9.019918192184904482e-02,0.000000000000000000e+00
6.394000000000000000e+03,-6.867433862600966776e-01,0.000000000000000000e+00
6.395000000000000000e+03,2.697256309287126896e+00,0.000000000000000000e+00
6.396000000000000000e+03,4.825146239771711087e+00,0.000000000000000000e+00
6.397000000000000000e+03,-3.425448540432858291e+00,1.000000000000000000e+00
6.398000000000000000e+03,-8.142512553597056613e-01,0.000000000000000000e+00
6.399000000000000000e+03,-1.300832599936331491e+00,0.000000000000000000e+00
6.400000000000000000e+03,-4.804566895122960313e-01,0.000000000000000000e+00
6.401000000000000000e+03,-7.893276974133559554e-01,0.000000000000000000e+00
6.402000000000000000e+03,-5.271280455330628056e-01,0.000000000000000000e+00
6.403000000000000000e+03,-5.663601103882986987e-01,0.000000000000000000e+00
6.404000000000000000e+03,-2.866665084580885536e-01,0.000000000000000000e+00
6.405000000000000000e+03,-2.992437629776292241e-01,0.000000000000000000e+00
6.406000000000000000e+03,-5.640982666728334288e-02,0.000000000000000000e+00
6.407000000000000000e+03,-2.154267570416305011e-01,0.000000000000000000e+00
6.408000000000000000e+03,1.036259641131457993e-01,0.000000000000000000e+00
6.409000000000000000e+03,-8.173235277146462252e-02,0.000000000000000000e+00
6.410000000000000000e+03,3.267908502686476813e-01,0.000000000000000000e+00
6.411000000000000000e+03,3.013341399565508394e-02,0.000000000000000000e+00
6.412000000000000000e+03,4.396717293804943139e-01,0.000000000000000000e+00
6.413000000000000000e+03,-1.218444738366089158e-01,0.000000000000000000e+00
6.414000000000000000e+03,-3.112151488589374321e-03,0.000000000000000000e+00
6.415000000000000000e+03,-2.859334206409813173e-01,0.000000000000000000e+00
6.416000000000000000e+03,-2.842407526409694296e-01,0.000000000000000000e+00
6.417000000000000000e+03,-1.983311239323946873e-01,0.000000000000000000e+00
6.418000000000000000e+03,-1.879326155776072926e-01,0.000000000000000000e+00
6.419000000000000000e+03,-2.890028605457100608e-01,0.000000000000000000e+00
6.420000000000000000e+03,-6.104350723509509302e-02,0.000000000000000000e+00
6.421000000000000000e+03,-4.561970246716456345e-01,0.000000000000000000e+00
6.422000000000000000e+03,5.079806459786486567e-02,0.000000000000000000e+00
6.423000000000000000e+03,-2.496633744640583408e-01,0.000000000000000000e+00
6.424000000000000000e+03,1.075421656279068883e-01,0.000000000000000000e+00
6.425000000000000000e+03,-1.656939671682478854e-01,0.000000000000000000e+00
6.426000000000000000e+03,5.099071282194610893e-02,0.000000000000000000e+00
6.427000000000000000e+03,1.091584324189451977e-01,0.000000000000000000e+00
6.428000000000000000e+03,7.894174989655718122e-02,0.000000000000000000e+00
6.429000000000000000e+03,-5.367373048046280432e-02,0.000000000000000000e+00
6.430000000000000000e+03,1.621538703385729807e-01,0.000000000000000000e+00
6.431000000000000000e+03,9.596826250785629731e-02,0.000000000000000000e+00
6.432000000000000000e+03,2.750996854702627559e-01,0.000000000000000000e+00
6.433000000000000000e+03,-3.476205559721005228e-02,0.000000000000000000e+00
6.434000000000000000e+03,2.782949783753135287e-01,0.000000000000000000e+00
6.435000000000000000e+03,-1.223892574171204194e-02,0.000000000000000000e+00
6.436000000000000000e+03,1.478261417132197830e-01,0.000000000000000000e+00
6.437000000000000000e+03,1.359628167680949906e-01,0.000000000000000000e+00
6.438000000000000000e+03,2.565209424853420184e-01,0.000000000000000000e+00
6.439000000000000000e+03,4.452393408431034594e-01,0.000000000000000000e+00
6.440000000000000000e+03,6.136808801547913861e-01,0.000000000000000000e+00
6.441000000000000000e+03,4.800524428941956856e-01,0.000000000000000000e+00
6.442000000000000000e+03,3.942425646745354451e-01,0.000000000000000000e+00
6.443000000000000000e+03,-4.157381963767023958e-01,0.000000000000000000e+00
6.444000000000000000e+03,-2.095842030283196974e-02,0.000000000000000000e+00
6.445000000000000000e+03,-6.425773587063673409e-01,0.000000000000000000e+00
6.446000000000000000e+03,5.109346430418573171e-01,0.000000000000000000e+00
6.447000000000000000e+03,-5.514924323221620517e-01,0.000000000000000000e+00
6.448000000000000000e+03,3.129039500689765774e+00,0.000000000000000000e+00
6.449000000000000000e+03,4.283188426805727644e+00,0.000000000000000000e+00
6.450000000000000000e+03,-3.577006787553997924e+00,1.000000000000000000e+00
6.451000000000000000e+03,-5.891537913859860032e-01,0.000000000000000000e+00
6.452000000000000000e+03,-1.050117171923885540e+00,0.000000000000000000e+00
6.453000000000000000e+03,-2.854836904880349580e-01,0.000000000000000000e+00
6.454000000000000000e+03,-5.542888587434915415e-01,0.000000000000000000e+00
6.455000000000000000e+03,-3.253532413432488890e-01,0.000000000000000000e+00
6.456000000000000000e+03,-4.846048408689302978e-01,0.000000000000000000e+00
6.457000000000000000e+03,-2.487233280478587660e-01,0.000000000000000000e+00
6.458000000000000000e+03,-2.102529920144053655e-01,0.000000000000000000e+00
6.459000000000000000e+03,-2.552142543789178708e-01,0.000000000000000000e+00
6.460000000000000000e+03,-5.356929483552139853e-02,0.000000000000000000e+00
6.461000000000000000e+03,5.248271200378236238e-03,0.000000000000000000e+00
6.462000000000000000e+03,1.646776501501148182e-01,0.000000000000000000e+00
6.463000000000000000e+03,2.230418211830022257e-01,0.000000000000000000e+00
6.464000000000000000e+03,3.478165444060186129e-01,0.000000000000000000e+00
6.465000000000000000e+03,2.367124482601785096e-01,0.000000000000000000e+00
6.466000000000000000e+03,6.283677231533400798e-02,0.000000000000000000e+00
6.467000000000000000e+03,-1.878872580336576614e-01,0.000000000000000000e+00
6.468000000000000000e+03,-3.312914295974382362e-01,0.000000000000000000e+00
6.469000000000000000e+03,-3.207369544258850125e-01,0.000000000000000000e+00
6.470000000000000000e+03,-3.678383453279573390e-01,0.000000000000000000e+00
6.471000000000000000e+03,-3.911387187557643919e-01,0.000000000000000000e+00
6.472000000000000000e+03,-2.200287507814996935e-01,0.000000000000000000e+00
6.473000000000000000e+03,-4.279984971291666551e-01,0.000000000000000000e+00
6.474000000000000000e+03,-1.716523861423682462e-01,0.000000000000000000e+00
6.475000000000000000e+03,-2.854367086514109086e-01,0.000000000000000000e+00
6.476000000000000000e+03,-9.685356338055381431e-03,0.000000000000000000e+00
6.477000000000000000e+03,-5.297412703952873725e-02,0.000000000000000000e+00
6.478000000000000000e+03,-3.176930608489763469e-02,0.000000000000000000e+00
6.479000000000000000e+03,-6.446672565296723834e-02,0.000000000000000000e+00
6.480000000000000000e+03,6.692782084487040872e-02,0.000000000000000000e+00
6.481000000000000000e+03,-1.292908252307573003e-01,0.000000000000000000e+00
6.482000000000000000e+03,6.584552227427573068e-02,0.000000000000000000e+00
6.483000000000000000e+03,-9.350775253086753003e-02,0.000000000000000000e+00
6.484000000000000000e+03,-2.028750202604115427e-02,0.000000000000000000e+00
6.485000000000000000e+03,8.944070376355484076e-02,0.000000000000000000e+00
6.486000000000000000e+03,1.428467761317847029e-01,0.000000000000000000e+00
6.487000000000000000e+03,4.772626931514061671e-02,0.000000000000000000e+00
6.488000000000000000e+03,1.422764283061683788e-01,0.000000000000000000e+00
6.489000000000000000e+03,1.759606424124163793e-01,0.000000000000000000e+00
6.490000000000000000e+03,1.973618830589376483e-01,0.000000000000000000e+00
6.491000000000000000e+03,1.465602492676781332e-01,0.000000000000000000e+00
6.492000000000000000e+03,3.908035254970581573e-01,0.000000000000000000e+00
6.493000000000000000e+03,3.637636725963465656e-01,0.000000000000000000e+00
6.494000000000000000e+03,6.430417123836700277e-01,0.000000000000000000e+00
6.495000000000000000e+03,4.784645511158755471e-01,0.000000000000000000e+00
6.496000000000000000e+03,3.203005104078541776e-01,0.000000000000000000e+00
6.497000000000000000e+03,-4.198276364795709981e-01,0.000000000000000000e+00
6.498000000000000000e+03,4.059311294339435633e-02,0.000000000000000000e+00
6.499000000000000000e+03,-5.838432185013496811e-01,0.000000000000000000e+00
6.500000000000000000e+03,3.869884934617750516e-01,0.000000000000000000e+00
6.501000000000000000e+03,-6.137860114993656246e-01,0.000000000000000000e+00
6.502000000000000000e+03,5.198994800620353907e+00,0.000000000000000000e+00
6.503000000000000000e+03,1.425018611611050812e+00,1.000000000000000000e+00
6.504000000000000000e+03,-3.244750162411707883e+00,0.000000000000000000e+00
6.505000000000000000e+03,-3.192401695511440374e-01,0.000000000000000000e+00
6.506000000000000000e+03,-1.355597727388636820e+00,0.000000000000000000e+00
6.507000000000000000e+03,-2.570091151514053429e-01,0.000000000000000000e+00
6.508000000000000000e+03,-7.892345397608542257e-01,0.000000000000000000e+00
6.509000000000000000e+03,-1.800348382536898495e-01,0.000000000000000000e+00
6.510000000000000000e+03,-5.035626921305230708e-01,0.000000000000000000e+00
6.511000000000000000e+03,-4.278429477276492199e-02,0.000000000000000000e+00
6.512000000000000000e+03,-4.147163196659599538e-01,0.000000000000000000e+00
6.513000000000000000e+03,4.976701323603687638e-02,0.000000000000000000e+00
6.514000000000000000e+03,-2.145290537472207826e-01,0.000000000000000000e+00
6.515000000000000000e+03,2.579172760010959853e-01,0.000000000000000000e+00
6.516000000000000000e+03,-1.752756721902085923e-01,0.000000000000000000e+00
6.517000000000000000e+03,3.210442001675133938e-01,0.000000000000000000e+00
6.518000000000000000e+03,5.029986444359202391e-02,0.000000000000000000e+00
6.519000000000000000e+03,3.697589545487757756e-01,0.000000000000000000e+00
6.520000000000000000e+03,-4.323965371917001810e-02,0.000000000000000000e+00
6.521000000000000000e+03,-1.057629951360471027e-01,0.000000000000000000e+00
6.522000000000000000e+03,-2.893960975116894319e-01,0.000000000000000000e+00
6.523000000000000000e+03,-4.337433360675770067e-02,0.000000000000000000e+00
6.524000000000000000e+03,-1.794619277639746824e-01,0.000000000000000000e+00
6.525000000000000000e+03,-1.384770603301934411e-01,0.000000000000000000e+00
6.526000000000000000e+03,-1.167022476020491556e-01,0.000000000000000000e+00
6.527000000000000000e+03,-2.207235140930669803e-01,0.000000000000000000e+00
6.528000000000000000e+03,-4.719729994105322651e-02,0.000000000000000000e+00
6.529000000000000000e+03,-1.569243095191522330e-01,0.000000000000000000e+00
6.530000000000000000e+03,-2.925081844225004349e-02,0.000000000000000000e+00
6.531000000000000000e+03,3.774793125124978332e-02,0.000000000000000000e+00
6.532000000000000000e+03,-4.551299968390743605e-02,0.000000000000000000e+00
6.533000000000000000e+03,1.130736289792234756e-01,0.000000000000000000e+00
6.534000000000000000e+03,-6.136077675698983769e-02,0.000000000000000000e+00
6.535000000000000000e+03,2.614642544275166958e-01,0.000000000000000000e+00
6.536000000000000000e+03,-1.024809692810820377e-01,0.000000000000000000e+00
6.537000000000000000e+03,2.366391994255924447e-01,0.000000000000000000e+00
6.538000000000000000e+03,-6.584484841649473896e-02,0.000000000000000000e+00
6.539000000000000000e+03,1.209722758741193505e-01,0.000000000000000000e+00
6.540000000000000000e+03,-2.864943324248754933e-02,0.000000000000000000e+00
6.541000000000000000e+03,3.702423710733095952e-01,0.000000000000000000e+00
6.542000000000000000e+03,9.607210179118930160e-02,0.000000000000000000e+00
6.543000000000000000e+03,1.577070642026210945e-01,0.000000000000000000e+00
6.544000000000000000e+03,1.356235760991266193e-01,0.000000000000000000e+00
6.545000000000000000e+03,2.363146105707850386e-01,0.000000000000000000e+00
6.546000000000000000e+03,1.230869870643671454e-01,0.000000000000000000e+00
6.547000000000000000e+03,5.274665992552078908e-01,0.000000000000000000e+00
6.548000000000000000e+03,3.772241380331988192e-01,0.000000000000000000e+00
6.549000000000000000e+03,6.596499662514693219e-01,0.000000000000000000e+00
6.550000000000000000e+03,5.288218615514218568e-01,0.000000000000000000e+00
6.551000000000000000e+03,-7.171800717161229410e-02,0.000000000000000000e+00
6.552000000000000000e+03,-3.710681986747561556e-01,0.000000000000000000e+00
6.553000000000000000e+03,1.313160641824731578e-01,0.000000000000000000e+00
6.554000000000000000e+03,-4.287477456873047821e-01,0.000000000000000000e+00
6.555000000000000000e+03,2.494072473990848471e-01,0.000000000000000000e+00
6.556000000000000000e+03,-2.137188487739184739e-02,0.000000000000000000e+00
6.557000000000000000e+03,6.157616284401803419e+00,0.000000000000000000e+00
6.558000000000000000e+03,-4.450440574532239513e-01,1.000000000000000000e+00
6.559000000000000000e+03,-2.450608238986847542e+00,0.000000000000000000e+00
6.560000000000000000e+03,-3.993766152682162729e-01,0.000000000000000000e+00
6.561000000000000000e+03,-1.291241757003264379e+00,0.000000000000000000e+00
6.562000000000000000e+03,-3.931470116810393267e-01,0.000000000000000000e+00
6.563000000000000000e+03,-8.977345330927857248e-01,0.000000000000000000e+00
6.564000000000000000e+03,-3.112529004377894704e-01,0.000000000000000000e+00
6.565000000000000000e+03,-6.172328842526294546e-01,0.000000000000000000e+00
6.566000000000000000e+03,-2.501421657256098774e-01,0.000000000000000000e+00
6.567000000000000000e+03,-3.817243729629221649e-01,0.000000000000000000e+00
6.568000000000000000e+03,-2.157683021720146199e-01,0.000000000000000000e+00
6.569000000000000000e+03,-2.361123347189150457e-01,0.000000000000000000e+00
6.570000000000000000e+03,1.689616785466167004e-01,0.000000000000000000e+00
6.571000000000000000e+03,-5.762961355643510773e-03,0.000000000000000000e+00
6.572000000000000000e+03,4.514674763971096572e-01,0.000000000000000000e+00
6.573000000000000000e+03,2.299748926887143774e-01,0.000000000000000000e+00
6.574000000000000000e+03,1.315009627116091318e-01,0.000000000000000000e+00
6.575000000000000000e+03,-6.516113098206628707e-02,0.000000000000000000e+00
6.576000000000000000e+03,-1.977229415563560785e-02,0.000000000000000000e+00
6.577000000000000000e+03,-4.831964630990474019e-01,0.000000000000000000e+00
6.578000000000000000e+03,-1.575461364562830424e-01,0.000000000000000000e+00
6.579000000000000000e+03,-3.924060876610896975e-01,0.000000000000000000e+00
6.580000000000000000e+03,-1.901784332168101888e-01,0.000000000000000000e+00
6.581000000000000000e+03,-3.122680889714418151e-01,0.000000000000000000e+00
6.582000000000000000e+03,-2.410583438017173397e-01,0.000000000000000000e+00
6.583000000000000000e+03,-2.741981737240354322e-01,0.000000000000000000e+00
6.584000000000000000e+03,-1.548658195899643431e-01,0.000000000000000000e+00
6.585000000000000000e+03,-2.425507613762915571e-01,0.000000000000000000e+00
6.586000000000000000e+03,-5.400272142749745069e-02,0.000000000000000000e+00
6.587000000000000000e+03,-1.191687045697504693e-01,0.000000000000000000e+00
6.588000000000000000e+03,1.821490284902298751e-01,0.000000000000000000e+00
6.589000000000000000e+03,-1.735970731729065686e-01,0.000000000000000000e+00
6.590000000000000000e+03,3.485397849547585553e-02,0.000000000000000000e+00
6.591000000000000000e+03,-6.474035483112698230e-04,0.000000000000000000e+00
6.592000000000000000e+03,2.627143443891876221e-02,0.000000000000000000e+00
6.593000000000000000e+03,-2.950860882999487705e-02,0.000000000000000000e+00
6.594000000000000000e+03,9.860074173478590442e-02,0.000000000000000000e+00
6.595000000000000000e+03,-1.260096494727050154e-01,0.000000000000000000e+00
6.596000000000000000e+03,2.807489828319374991e-01,0.000000000000000000e+00
6.597000000000000000e+03,-6.219489019448369571e-02,0.000000000000000000e+00
6.598000000000000000e+03,2.497693104234668948e-01,0.000000000000000000e+00
6.599000000000000000e+03,-1.856598213498870109e-01,0.000000000000000000e+00
6.600000000000000000e+03,2.613810374447356755e-01,0.000000000000000000e+00
6.601000000000000000e+03,-3.599322298980810186e-02,0.000000000000000000e+00
6.602000000000000000e+03,4.603447634298562519e-01,0.000000000000000000e+00
6.603000000000000000e+03,2.435760182454099476e-01,0.000000000000000000e+00
6.604000000000000000e+03,6.442384434740119348e-01,0.000000000000000000e+00
6.605000000000000000e+03,5.793944001908651886e-01,0.000000000000000000e+00
6.606000000000000000e+03,3.279654139325691165e-01,0.000000000000000000e+00
6.607000000000000000e+03,-6.503970606632817342e-01,0.000000000000000000e+00
6.608000000000000000e+03,4.598140448895818300e-02,0.000000000000000000e+00
6.609000000000000000e+03,-6.552083254570156834e-01,0.000000000000000000e+00
6.610000000000000000e+03,2.184519512758892890e-01,0.000000000000000000e+00
6.611000000000000000e+03,-7.451611233916325405e-01,0.000000000000000000e+00
6.612000000000000000e+03,4.092352709074266848e+00,0.000000000000000000e+00
6.613000000000000000e+03,3.362834498540902217e+00,1.000000000000000000e+00
6.614000000000000000e+03,-3.512594271941759327e+00,0.000000000000000000e+00
6.615000000000000000e+03,-4.305371216191332673e-01,0.000000000000000000e+00
6.616000000000000000e+03,-1.362795574615560890e+00,0.000000000000000000e+00
6.617000000000000000e+03,-4.553796427069444208e-01,0.000000000000000000e+00
6.618000000000000000e+03,-1.025940645718504518e+00,0.000000000000000000e+00
6.619000000000000000e+03,-1.382435022018369541e-01,0.000000000000000000e+00
6.620000000000000000e+03,-6.927522284342663150e-01,0.000000000000000000e+00
6.621000000000000000e+03,-1.476634075933334900e-01,0.000000000000000000e+00
6.622000000000000000e+03,-3.483583074749063702e-01,0.000000000000000000e+00
6.623000000000000000e+03,-1.671949308916184374e-01,0.000000000000000000e+00
6.624000000000000000e+03,-2.793391835918305199e-01,0.000000000000000000e+00
6.625000000000000000e+03,4.569796580751783743e-02,0.000000000000000000e+00
6.626000000000000000e+03,-6.063316298107922914e-02,0.000000000000000000e+00
6.627000000000000000e+03,3.487506232761146130e-01,0.000000000000000000e+00
6.628000000000000000e+03,-3.370428828954500494e-02,0.000000000000000000e+00
6.629000000000000000e+03,3.271045079241360343e-01,0.000000000000000000e+00
6.630000000000000000e+03,-9.884842741854475701e-02,0.000000000000000000e+00
6.631000000000000000e+03,2.093313544799598955e-02,0.000000000000000000e+00
6.632000000000000000e+03,-2.727166581665634859e-01,0.000000000000000000e+00
6.633000000000000000e+03,-1.735901008684003974e-02,0.000000000000000000e+00
6.634000000000000000e+03,-3.460745744973547922e-01,0.000000000000000000e+00
6.635000000000000000e+03,2.605160168970912377e-02,0.000000000000000000e+00
6.636000000000000000e+03,-2.961312620979553722e-01,0.000000000000000000e+00
6.637000000000000000e+03,-6.038558691141013984e-02,0.000000000000000000e+00
6.638000000000000000e+03,-3.476307651145426059e-01,0.000000000000000000e+00
6.639000000000000000e+03,5.530243928542376286e-02,0.000000000000000000e+00
6.640000000000000000e+03,-1.204182769778566892e-01,0.000000000000000000e+00
6.641000000000000000e+03,1.540276794771186231e-01,0.000000000000000000e+00
6.642000000000000000e+03,-2.821386293199700662e-02,0.000000000000000000e+00
6.643000000000000000e+03,1.493149299433758070e-01,0.000000000000000000e+00
6.644000000000000000e+03,-4.992088786103270580e-03,0.000000000000000000e+00
6.645000000000000000e+03,2.284731896213321456e-01,0.000000000000000000e+00
6.646000000000000000e+03,9.459658028191165677e-03,0.000000000000000000e+00
6.647000000000000000e+03,1.279719546988692669e-01,0.000000000000000000e+00
6.648000000000000000e+03,8.805039301103337324e-03,0.000000000000000000e+00
6.649000000000000000e+03,2.987486951727763573e-01,0.000000000000000000e+00
6.650000000000000000e+03,1.037141662816050240e-02,0.000000000000000000e+00
6.651000000000000000e+03,4.095099391093646179e-01,0.000000000000000000e+00
6.652000000000000000e+03,-4.060985757207937613e-02,0.000000000000000000e+00
6.653000000000000000e+03,4.192321012067693475e-01,0.000000000000000000e+00
6.654000000000000000e+03,-1.314137994541578376e-02,0.000000000000000000e+00
6.655000000000000000e+03,5.441165400936800456e-01,0.000000000000000000e+00
6.656000000000000000e+03,2.107760082063634410e-01,0.000000000000000000e+00
6.657000000000000000e+03,8.490931823455041272e-01,0.000000000000000000e+00
6.658000000000000000e+03,5.103728052849733077e-01,0.000000000000000000e+00
6.659000000000000000e+03,4.574014775897576879e-01,0.000000000000000000e+00
6.660000000000000000e+03,-5.273854478289581316e-01,0.000000000000000000e+00
6.661000000000000000e+03,4.117216603952641996e-02,0.000000000000000000e+00
6.662000000000000000e+03,-6.823343153266636651e-01,0.000000000000000000e+00
6.663000000000000000e+03,3.750325615717601813e-01,0.000000000000000000e+00
6.664000000000000000e+03,-5.182566644270623080e-01,0.000000000000000000e+00
6.665000000000000000e+03,3.315512947240343955e+00,0.000000000000000000e+00
6.666000000000000000e+03,3.953373445956905652e+00,0.000000000000000000e+00
6.667000000000000000e+03,-3.747717514516646364e+00,1.000000000000000000e+00
6.668000000000000000e+03,-6.662932663206559969e-01,0.000000000000000000e+00
6.669000000000000000e+03,-1.066971054765958105e+00,0.000000000000000000e+00
6.670000000000000000e+03,-3.490593286926239047e-01,0.000000000000000000e+00
6.671000000000000000e+03,-5.198914608131594006e-01,0.000000000000000000e+00
6.672000000000000000e+03,-1.706494610844697946e-01,0.000000000000000000e+00
6.673000000000000000e+03,-5.178987830756958122e-01,0.000000000000000000e+00
6.674000000000000000e+03,-2.334257063393336273e-01,0.000000000000000000e+00
6.675000000000000000e+03,-2.745025202104495743e-01,0.000000000000000000e+00
6.676000000000000000e+03,-3.636741011838930809e-02,0.000000000000000000e+00
6.677000000000000000e+03,-9.328234062495832646e-02,0.000000000000000000e+00
6.678000000000000000e+03,1.954423408664006656e-01,0.000000000000000000e+00
6.679000000000000000e+03,7.324935528112151706e-02,0.000000000000000000e+00
6.680000000000000000e+03,2.668926135596471627e-01,0.000000000000000000e+00
6.681000000000000000e+03,3.473236171235741798e-01,0.000000000000000000e+00
6.682000000000000000e+03,2.944607320572691922e-01,0.000000000000000000e+00
6.683000000000000000e+03,-5.013115330878475245e-02,0.000000000000000000e+00
6.684000000000000000e+03,-2.578626333715382524e-01,0.000000000000000000e+00
6.685000000000000000e+03,-3.727589661609087002e-01,0.000000000000000000e+00
6.686000000000000000e+03,-3.839866624099234627e-01,0.000000000000000000e+00
6.687000000000000000e+03,-2.679546248566710975e-01,0.000000000000000000e+00
6.688000000000000000e+03,-4.206069838934502481e-01,0.000000000000000000e+00
6.689000000000000000e+03,-2.683065032083437607e-01,0.000000000000000000e+00
6.690000000000000000e+03,-2.207366587117416123e-01,0.000000000000000000e+00
6.691000000000000000e+03,-3.841569019508737082e-01,0.000000000000000000e+00
6.692000000000000000e+03,-3.811477719033679046e-02,0.000000000000000000e+00
6.693000000000000000e+03,-2.891083265398581847e-01,0.000000000000000000e+00
6.694000000000000000e+03,3.254173888358488642e-02,0.000000000000000000e+00
6.695000000000000000e+03,-2.689016398036890299e-01,0.000000000000000000e+00
6.696000000000000000e+03,-5.685443530286796165e-02,0.000000000000000000e+00
6.697000000000000000e+03,-7.605393800353967004e-02,0.000000000000000000e+00
6.698000000000000000e+03,3.246557026404189861e-02,0.000000000000000000e+00
6.699000000000000000e+03,-1.485015924769426121e-01,0.000000000000000000e+00
6.700000000000000000e+03,1.080172935099012327e-01,0.000000000000000000e+00
6.701000000000000000e+03,-6.275320903542820627e-02,0.000000000000000000e+00
6.702000000000000000e+03,1.936265015069575102e-01,0.000000000000000000e+00
6.703000000000000000e+03,3.271471024849869486e-02,0.000000000000000000e+00
6.704000000000000000e+03,1.449706286525110077e-01,0.000000000000000000e+00
6.705000000000000000e+03,1.253891861711438627e-01,0.000000000000000000e+00
6.706000000000000000e+03,2.784288897304821875e-01,0.000000000000000000e+00
6.707000000000000000e+03,9.268842528411082304e-02,0.000000000000000000e+00
6.708000000000000000e+03,4.830226636915276317e-01,0.000000000000000000e+00
6.709000000000000000e+03,3.217363213393452104e-01,0.000000000000000000e+00
6.710000000000000000e+03,7.609908702393772817e-01,0.000000000000000000e+00
6.711000000000000000e+03,4.041185020704097242e-01,0.000000000000000000e+00
6.712000000000000000e+03,7.455400109578651235e-02,0.000000000000000000e+00
6.713000000000000000e+03,-3.418992937230631024e-01,0.000000000000000000e+00
6.714000000000000000e+03,-3.274206176556382353e-02,0.000000000000000000e+00
6.715000000000000000e+03,-4.137892873467356458e-01,0.000000000000000000e+00
6.716000000000000000e+03,2.504207577973813770e-01,0.000000000000000000e+00
6.717000000000000000e+03,4.763843019030110093e-01,0.000000000000000000e+00
6.718000000000000000e+03,6.061117294315925719e+00,0.000000000000000000e+00
6.719000000000000000e+03,-1.237971807587286088e+00,1.000000000000000000e+00
6.720000000000000000e+03,-2.110761599681520106e+00,0.000000000000000000e+00
6.721000000000000000e+03,-4.309080551830110073e-01,0.000000000000000000e+00
6.722000000000000000e+03,-9.521803525967573734e-01,0.000000000000000000e+00
6.723000000000000000e+03,-1.892468336889099600e-01,0.000000000000000000e+00
6.724000000000000000e+03,-4.878717982832793676e-01,0.000000000000000000e+00
6.725000000000000000e+03,-2.675586421180659591e-01,0.000000000000000000e+00
6.726000000000000000e+03,-4.190809990476496161e-01,0.000000000000000000e+00
6.727000000000000000e+03,5.974712754484033488e-03,0.000000000000000000e+00
6.728000000000000000e+03,-2.474837177855475912e-01,0.000000000000000000e+00
6.729000000000000000e+03,-1.870018380747313219e-02,0.000000000000000000e+00
6.730000000000000000e+03,-2.166342426824210132e-01,0.000000000000000000e+00
6.731000000000000000e+03,1.432144630088049431e-01,0.000000000000000000e+00
6.732000000000000000e+03,7.853473062525853643e-02,0.000000000000000000e+00
6.733000000000000000e+03,2.795156026501720570e-01,0.000000000000000000e+00
6.734000000000000000e+03,2.420238809624539189e-01,0.000000000000000000e+00
6.735000000000000000e+03,2.212155870853340645e-01,0.000000000000000000e+00
6.736000000000000000e+03,-8.927086925323381161e-02,0.000000000000000000e+00
6.737000000000000000e+03,-2.142612420002618367e-01,0.000000000000000000e+00
6.738000000000000000e+03,-4.194051815870242783e-01,0.000000000000000000e+00
6.739000000000000000e+03,-3.265109624252945375e-01,0.000000000000000000e+00
6.740000000000000000e+03,-2.744903289852740902e-01,0.000000000000000000e+00
6.741000000000000000e+03,-4.312061230590831795e-01,0.000000000000000000e+00
6.742000000000000000e+03,-3.239841730132763664e-01,0.000000000000000000e+00
6.743000000000000000e+03,-2.132489841370082406e-01,0.000000000000000000e+00
6.744000000000000000e+03,-2.724849317400846460e-01,0.000000000000000000e+00
6.745000000000000000e+03,-3.052996399657892934e-01,0.000000000000000000e+00
6.746000000000000000e+03,-1.784979960627244844e-01,0.000000000000000000e+00
6.747000000000000000e+03,-5.363030984222817016e-02,0.000000000000000000e+00
6.748000000000000000e+03,-1.090833043634316241e-01,0.000000000000000000e+00
6.749000000000000000e+03,-1.765643813857858124e-01,0.000000000000000000e+00
6.750000000000000000e+03,4.361328961014053311e-03,0.000000000000000000e+00
6.751000000000000000e+03,-9.625432151141422032e-02,0.000000000000000000e+00
6.752000000000000000e+03,8.247083979829560041e-02,0.000000000000000000e+00
6.753000000000000000e+03,-1.559302834877766275e-01,0.000000000000000000e+00
6.754000000000000000e+03,2.566486079607955828e-01,0.000000000000000000e+00
6.755000000000000000e+03,-2.084142188040125909e-01,0.000000000000000000e+00
6.756000000000000000e+03,1.434595884474937355e-01,0.000000000000000000e+00
6.757000000000000000e+03,7.206208398593429154e-02,0.000000000000000000e+00
6.758000000000000000e+03,1.095524873858889497e-01,0.000000000000000000e+00
6.759000000000000000e+03,4.328614659434616013e-02,0.000000000000000000e+00
6.760000000000000000e+03,1.731988648552791887e-01,0.000000000000000000e+00
6.761000000000000000e+03,2.331257480076443234e-01,0.000000000000000000e+00
6.762000000000000000e+03,4.191554540844771859e-01,0.000000000000000000e+00
6.763000000000000000e+03,3.304240220380815773e-01,0.000000000000000000e+00
6.764000000000000000e+03,7.980330014128659277e-01,0.000000000000000000e+00
6.765000000000000000e+03,4.768769593272800256e-01,0.000000000000000000e+00
6.766000000000000000e+03,3.854261172266724711e-01,0.000000000000000000e+00
6.767000000000000000e+03,-5.598401587466960150e-01,0.000000000000000000e+00
6.768000000000000000e+03,1.356180403158876724e-01,0.000000000000000000e+00
6.769000000000000000e+03,-5.845945827311855858e-01,0.000000000000000000e+00
6.770000000000000000e+03,3.878526428024622330e-01,0.000000000000000000e+00
6.771000000000000000e+03,-6.755856845371309705e-01,0.000000000000000000e+00
6.772000000000000000e+03,5.531499578937571826e+00,0.000000000000000000e+00
6.773000000000000000e+03,1.693357818271105986e+00,1.000000000000000000e+00
6.774000000000000000e+03,-3.154956010879045980e+00,0.000000000000000000e+00
6.775000000000000000e+03,-2.699239429652964817e-01,0.000000000000000000e+00
6.776000000000000000e+03,-1.484427831650173335e+00,0.000000000000000000e+00
6.777000000000000000e+03,-2.119547655230433758e-01,0.000000000000000000e+00
6.778000000000000000e+03,-9.162297286083763703e-01,0.000000000000000000e+00
6.779000000000000000e+03,-1.909366849414705081e-01,0.000000000000000000e+00
6.780000000000000000e+03,-5.995190666304180960e-01,0.000000000000000000e+00
6.781000000000000000e+03,-6.839504518521696830e-02,0.000000000000000000e+00
6.782000000000000000e+03,-5.654177479938536921e-01,0.000000000000000000e+00
6.783000000000000000e+03,1.974196120717763847e-01,0.000000000000000000e+00
6.784000000000000000e+03,-2.325041233061141133e-01,0.000000000000000000e+00
6.785000000000000000e+03,2.729814528276907071e-01,0.000000000000000000e+00
6.786000000000000000e+03,-1.033631886540929273e-01,0.000000000000000000e+00
6.787000000000000000e+03,4.491602460710200084e-01,0.000000000000000000e+00
6.788000000000000000e+03,1.334888083328565345e-01,0.000000000000000000e+00
6.789000000000000000e+03,5.410530038065155534e-01,0.000000000000000000e+00
6.790000000000000000e+03,3.321060400060222434e-02,0.000000000000000000e+00
6.791000000000000000e+03,2.439637046510094165e-01,0.000000000000000000e+00
6.792000000000000000e+03,-2.692380146393510421e-01,0.000000000000000000e+00
6.793000000000000000e+03,-1.849387216271867335e-02,0.000000000000000000e+00
6.794000000000000000e+03,-1.029832534218058510e-01,0.000000000000000000e+00
6.795000000000000000e+03,-1.565949596911654362e-01,0.000000000000000000e+00
6.796000000000000000e+03,-1.943077624484345622e-01,0.000000000000000000e+00
6.797000000000000000e+03,-3.643420792974069039e-02,0.000000000000000000e+00
6.798000000000000000e+03,-1.897960501546831491e-01,0.000000000000000000e+00
6.799000000000000000e+03,6.926726202692588819e-02,0.000000000000000000e+00
6.800000000000000000e+03,-1.866425686636130066e-01,0.000000000000000000e+00
6.801000000000000000e+03,1.384393176419742855e-01,0.000000000000000000e+00
6.802000000000000000e+03,-7.745842663943697248e-02,0.000000000000000000e+00
6.803000000000000000e+03,8.796008532453720996e-02,0.000000000000000000e+00
6.804000000000000000e+03,-7.234400082990848080e-02,0.000000000000000000e+00
6.805000000000000000e+03,1.615485991473779304e-01,0.000000000000000000e+00
6.806000000000000000e+03,-1.185599740105703487e-01,0.000000000000000000e+00
6.807000000000000000e+03,1.979780512825074501e-01,0.000000000000000000e+00
6.808000000000000000e+03,-1.341436195803471509e-01,0.000000000000000000e+00
6.809000000000000000e+03,1.652385737175091907e-01,0.000000000000000000e+00
6.810000000000000000e+03,-9.096515458533128984e-02,0.000000000000000000e+00
6.811000000000000000e+03,5.833693574320985425e-02,0.000000000000000000e+00
6.812000000000000000e+03,-1.863138976298337746e-01,0.000000000000000000e+00
6.813000000000000000e+03,1.386392265898615805e-01,0.000000000000000000e+00
6.814000000000000000e+03,-2.077674164485015240e-01,0.000000000000000000e+00
6.815000000000000000e+03,2.374873326012550412e-01,0.000000000000000000e+00
6.816000000000000000e+03,-1.022411709352516601e-01,0.000000000000000000e+00
6.817000000000000000e+03,3.196421351815898482e-01,0.000000000000000000e+00
6.818000000000000000e+03,2.887123059968977126e-02,0.000000000000000000e+00
6.819000000000000000e+03,5.918592736243327712e-01,0.000000000000000000e+00
6.820000000000000000e+03,3.742453654187651857e-01,0.000000000000000000e+00
6.821000000000000000e+03,3.006764275835603906e-01,0.000000000000000000e+00
6.822000000000000000e+03,-5.801701974265798256e-01,0.000000000000000000e+00
6.823000000000000000e+03,-1.283265284446232224e-01,0.000000000000000000e+00
6.824000000000000000e+03,-8.042579997821358573e-01,0.000000000000000000e+00
6.825000000000000000e+03,3.653054644815564300e-01,0.000000000000000000e+00
6.826000000000000000e+03,-5.233211295535378227e-01,0.000000000000000000e+00
6.827000000000000000e+03,5.404059468177593750e+00,0.000000000000000000e+00
6.828000000000000000e+03,1.438535474927334690e+00,1.000000000000000000e+00
6.829000000000000000e+03,-3.174023028285616554e+00,0.000000000000000000e+00
6.830000000000000000e+03,-4.581498786468601314e-01,0.000000000000000000e+00
6.831000000000000000e+03,-1.326749095904539377e+00,0.000000000000000000e+00
6.832000000000000000e+03,-4.385102973261247872e-01,0.000000000000000000e+00
6.833000000000000000e+03,-9.422186659557679755e-01,0.000000000000000000e+00
6.834000000000000000e+03,-2.050037133211120022e-01,0.000000000000000000e+00
6.835000000000000000e+03,-6.998498416699738822e-01,0.000000000000000000e+00
6.836000000000000000e+03,-3.317063532721266639e-01,0.000000000000000000e+00
6.837000000000000000e+03,-3.683978516341204767e-01,0.000000000000000000e+00
6.838000000000000000e+03,-6.095705180251903554e-03,0.000000000000000000e+00
6.839000000000000000e+03,-2.952843536028084137e-01,0.000000000000000000e+00
6.840000000000000000e+03,9.916854798362779999e-02,0.000000000000000000e+00
6.841000000000000000e+03,-1.196357769377567604e-01,0.000000000000000000e+00
6.842000000000000000e+03,3.095666489093863438e-01,0.000000000000000000e+00
6.843000000000000000e+03,-3.404848525683693700e-02,0.000000000000000000e+00
6.844000000000000000e+03,3.150560782575384522e-01,0.000000000000000000e+00
6.845000000000000000e+03,-2.723618525816688396e-01,0.000000000000000000e+00
6.846000000000000000e+03,3.126127258538663467e-02,0.000000000000000000e+00
6.847000000000000000e+03,-4.282908607369066978e-01,0.000000000000000000e+00
6.848000000000000000e+03,-1.373931046445301396e-01,0.000000000000000000e+00
6.849000000000000000e+03,-4.551992618382216804e-01,0.000000000000000000e+00
6.850000000000000000e+03,-8.683102443620570321e-02,0.000000000000000000e+00
6.851000000000000000e+03,-1.759691758060671907e-01,0.000000000000000000e+00
6.852000000000000000e+03,-1.628399267059513211e-01,0.000000000000000000e+00
6.853000000000000000e+03,-2.286687913162165631e-01,0.000000000000000000e+00
6.854000000000000000e+03,6.654290261057357880e-02,0.000000000000000000e+00
6.855000000000000000e+03,-2.615839447472801393e-01,0.000000000000000000e+00
6.856000000000000000e+03,7.561954791739478043e-02,0.000000000000000000e+00
6.857000000000000000e+03,1.674528850236189637e-01,0.000000000000000000e+00
6.858000000000000000e+03,1.381486576850439636e-02,0.000000000000000000e+00
6.859000000000000000e+03,1.148586894936563935e-01,0.000000000000000000e+00
6.860000000000000000e+03,2.084911438081600288e-01,0.000000000000000000e+00
6.861000000000000000e+03,6.466413228979285555e-02,0.000000000000000000e+00
6.862000000000000000e+03,1.153495166509879155e-01,0.000000000000000000e+00
6.863000000000000000e+03,-3.945444532972058882e-02,0.000000000000000000e+00
6.864000000000000000e+03,1.367817954965389327e-01,0.000000000000000000e+00
6.865000000000000000e+03,7.521903272393598572e-02,0.000000000000000000e+00
6.866000000000000000e+03,1.585881685253995657e-02,0.000000000000000000e+00
6.867000000000000000e+03,4.112254844214595015e-03,0.000000000000000000e+00
6.868000000000000000e+03,1.507021915312702354e-01,0.000000000000000000e+00
6.869000000000000000e+03,-1.375848426338772620e-02,0.000000000000000000e+00
6.870000000000000000e+03,3.268599701546921477e-01,0.000000000000000000e+00
6.871000000000000000e+03,2.633656805703194492e-01,0.000000000000000000e+00
6.872000000000000000e+03,6.883314180238716551e-01,0.000000000000000000e+00
6.873000000000000000e+03,2.648746749267923417e-01,0.000000000000000000e+00
6.874000000000000000e+03,2.081676478273563613e-01,0.000000000000000000e+00
6.875000000000000000e+03,-6.122636955037149553e-01,0.000000000000000000e+00
6.876000000000000000e+03,1.345673645703770738e-01,0.000000000000000000e+00
6.877000000000000000e+03,-6.752346441913160691e-01,0.000000000000000000e+00
6.878000000000000000e+03,4.858547295744075623e-01,0.000000000000000000e+00
6.879000000000000000e+03,-2.524416812097382001e-01,0.000000000000000000e+00
6.880000000000000000e+03,5.820809267963285905e+00,0.000000000000000000e+00
6.881000000000000000e+03,-2.094834427181268832e-01,1.000000000000000000e+00
6.882000000000000000e+03,-2.773597875779157729e+00,0.000000000000000000e+00
6.883000000000000000e+03,-2.854286308977606046e-01,0.000000000000000000e+00
6.884000000000000000e+03,-1.116960400070821313e+00,0.000000000000000000e+00
6.885000000000000000e+03,-1.910714316509556920e-01,0.000000000000000000e+00
6.886000000000000000e+03,-5.216233257453390948e-01,0.000000000000000000e+00
6.887000000000000000e+03,-1.452510162869811716e-01,0.000000000000000000e+00
6.888000000000000000e+03,-3.188499090664299040e-01,0.000000000000000000e+00
6.889000000000000000e+03,-6.554614449503418094e-02,0.000000000000000000e+00
6.890000000000000000e+03,-1.350441026224205587e-01,0.000000000000000000e+00
6.891000000000000000e+03,9.619658242878181831e-02,0.000000000000000000e+00
6.892000000000000000e+03,-9.699368076138362160e-02,0.000000000000000000e+00
6.893000000000000000e+03,1.399904024737295138e-01,0.000000000000000000e+00
6.894000000000000000e+03,1.466117634472959286e-01,0.000000000000000000e+00
6.895000000000000000e+03,3.843851553599130222e-01,0.000000000000000000e+00
6.896000000000000000e+03,2.460590402444386426e-01,0.000000000000000000e+00
6.897000000000000000e+03,1.636344337489020195e-01,0.000000000000000000e+00
6.898000000000000000e+03,-3.258653345073185548e-02,0.000000000000000000e+00
6.899000000000000000e+03,-3.035873188498770456e-02,0.000000000000000000e+00
6.900000000000000000e+03,-3.457231090632328918e-01,0.000000000000000000e+00
6.901000000000000000e+03,-2.424945329713805164e-01,0.000000000000000000e+00
6.902000000000000000e+03,-2.372182746040738255e-01,0.000000000000000000e+00
6.903000000000000000e+03,-3.142397492174605622e-01,0.000000000000000000e+00
6.904000000000000000e+03,-8.979008215745222510e-02,0.000000000000000000e+00
6.905000000000000000e+03,-7.968620215231699000e-02,0.000000000000000000e+00
6.906000000000000000e+03,-1.916297253332735484e-01,0.000000000000000000e+00
6.907000000000000000e+03,-7.920777450406826792e-03,0.000000000000000000e+00
6.908000000000000000e+03,-1.563191014337993526e-02,0.000000000000000000e+00
6.909000000000000000e+03,-7.834633515351707711e-02,0.000000000000000000e+00
6.910000000000000000e+03,1.832888662944816283e-02,0.000000000000000000e+00
6.911000000000000000e+03,1.356627630312995936e-01,0.000000000000000000e+00
6.912000000000000000e+03,-1.408816381572617071e-01,0.000000000000000000e+00
6.913000000000000000e+03,-6.678952569624559132e-02,0.000000000000000000e+00
6.914000000000000000e+03,6.268523726074654023e-02,0.000000000000000000e+00
6.915000000000000000e+03,1.446379953698298526e-01,0.000000000000000000e+00
6.916000000000000000e+03,5.763857157616544824e-02,0.000000000000000000e+00
6.917000000000000000e+03,5.506727505866999654e-03,0.000000000000000000e+00
6.918000000000000000e+03,1.869447424488840381e-01,0.000000000000000000e+00
6.919000000000000000e+03,2.335621408573334834e-01,0.000000000000000000e+00
6.920000000000000000e+03,8.841068666193484249e-02,0.000000000000000000e+00
6.921000000000000000e+03,2.282330872432172808e-01,0.000000000000000000e+00
6.922000000000000000e+03,3.013849865471081024e-01,0.000000000000000000e+00
6.923000000000000000e+03,5.455327511131889962e-01,0.000000000000000000e+00
6.924000000000000000e+03,5.040123593746255182e-01,0.000000000000000000e+00
6.925000000000000000e+03,4.526408240939370220e-01,0.000000000000000000e+00
6.926000000000000000e+03,-1.321673164748330132e-01,0.000000000000000000e+00
6.927000000000000000e+03,-3.116117656885866727e-01,0.000000000000000000e+00
6.928000000000000000e+03,-2.451725003656353707e-01,0.000000000000000000e+00
6.929000000000000000e+03,-1.810338950550212656e-01,0.000000000000000000e+00
6.930000000000000000e+03,-1.384673351610181402e-02,0.000000000000000000e+00
6.931000000000000000e+03,6.556507211830102655e-01,0.000000000000000000e+00
6.932000000000000000e+03,5.939074125789601588e+00,0.000000000000000000e+00
6.933000000000000000e+03,-1.447779786019538717e+00,1.000000000000000000e+00
6.934000000000000000e+03,-1.887556846989493886e+00,0.000000000000000000e+00
6.935000000000000000e+03,-3.912803959912886098e-01,0.000000000000000000e+00
6.936000000000000000e+03,-9.483824855273979004e-01,0.000000000000000000e+00
6.937000000000000000e+03,-1.854596978384809580e-01,0.000000000000000000e+00
6.938000000000000000e+03,-6.049187612421936810e-01,0.000000000000000000e+00
6.939000000000000000e+03,-4.786189925861708550e-02,0.000000000000000000e+00
6.940000000000000000e+03,-3.228747959623102237e-01,0.000000000000000000e+00
6.941000000000000000e+03,-3.651249901535249393e-02,0.000000000000000000e+00
6.942000000000000000e+03,-3.212139529632201396e-01,0.000000000000000000e+00
6.943000000000000000e+03,8.214936721598617431e-02,0.000000000000000000e+00
6.944000000000000000e+03,-8.959642672909270966e-02,0.000000000000000000e+00
6.945000000000000000e+03,7.536674255192482574e-02,0.000000000000000000e+00
6.946000000000000000e+03,1.893012585392879477e-01,0.000000000000000000e+00
6.947000000000000000e+03,2.608352960134833753e-01,0.000000000000000000e+00
6.948000000000000000e+03,2.811761586878729902e-01,0.000000000000000000e+00
6.949000000000000000e+03,1.231164656521465534e-01,0.000000000000000000e+00
6.950000000000000000e+03,-1.167105845019890259e-01,0.000000000000000000e+00
6.951000000000000000e+03,-1.527899191082959518e-01,0.000000000000000000e+00
6.952000000000000000e+03,-3.487866164280624681e-01,0.000000000000000000e+00
6.953000000000000000e+03,-1.731594967653364570e-01,0.000000000000000000e+00
6.954000000000000000e+03,-2.452871156085381366e-01,0.000000000000000000e+00
6.955000000000000000e+03,-2.238031481790627164e-01,0.000000000000000000e+00
6.956000000000000000e+03,-3.750372787998360602e-01,0.000000000000000000e+00
6.957000000000000000e+03,-2.975853125198675286e-01,0.000000000000000000e+00
6.958000000000000000e+03,-3.573329198969441012e-01,0.000000000000000000e+00
6.959000000000000000e+03,-9.973252886458112976e-02,0.000000000000000000e+00
6.960000000000000000e+03,-2.451050712506401552e-01,0.000000000000000000e+00
6.961000000000000000e+03,-3.036118947770326260e-02,0.000000000000000000e+00
6.962000000000000000e+03,-2.033532366064283725e-01,0.000000000000000000e+00
6.963000000000000000e+03,-1.149992457825964876e-01,0.000000000000000000e+00
6.964000000000000000e+03,-1.763083985063281234e-01,0.000000000000000000e+00
6.965000000000000000e+03,-7.429073431337414324e-02,0.000000000000000000e+00
6.966000000000000000e+03,-7.184763655755403711e-02,0.000000000000000000e+00
6.967000000000000000e+03,-3.786835198255148610e-02,0.000000000000000000e+00
6.968000000000000000e+03,-2.473525270065794410e-02,0.000000000000000000e+00
6.969000000000000000e+03,9.926699280200640407e-02,0.000000000000000000e+00
6.970000000000000000e+03,1.363455745212427406e-01,0.000000000000000000e+00
6.971000000000000000e+03,1.886067851986976407e-01,0.000000000000000000e+00
6.972000000000000000e+03,2.880154114689672390e-02,0.000000000000000000e+00
6.973000000000000000e+03,2.354687510055757937e-01,0.000000000000000000e+00
6.974000000000000000e+03,8.415561449817705441e-04,0.000000000000000000e+00
6.975000000000000000e+03,3.168513801662919405e-01,0.000000000000000000e+00
6.976000000000000000e+03,1.769702351604228452e-01,0.000000000000000000e+00
6.977000000000000000e+03,6.218702734651175845e-01,0.000000000000000000e+00
6.978000000000000000e+03,5.174118293125716805e-01,0.000000000000000000e+00
6.979000000000000000e+03,5.434166642150599635e-01,0.000000000000000000e+00
6.980000000000000000e+03,-1.872497554420746724e-01,0.000000000000000000e+00
6.981000000000000000e+03,-2.060921636056094186e-01,0.000000000000000000e+00
6.982000000000000000e+03,-2.833921345494240795e-01,0.000000000000000000e+00
6.983000000000000000e+03,-3.461984405261898674e-03,0.000000000000000000e+00
6.984000000000000000e+03,-2.667196298264710164e-01,0.000000000000000000e+00
6.985000000000000000e+03,1.551236853739416777e+00,0.000000000000000000e+00
6.986000000000000000e+03,5.690588179641748567e+00,0.000000000000000000e+00
6.987000000000000000e+03,-2.463943137719535326e+00,1.000000000000000000e+00
6.988000000000000000e+03,-1.379692544066150495e+00,0.000000000000000000e+00
6.989000000000000000e+03,-9.482618873275847626e-01,0.000000000000000000e+00
6.990000000000000000e+03,-7.534871286369211330e-01,0.000000000000000000e+00
6.991000000000000000e+03,-6.320947178200900796e-01,0.000000000000000000e+00
6.992000000000000000e+03,-7.040576771525641764e-01,0.000000000000000000e+00
6.993000000000000000e+03,-4.013217241211601283e-01,0.000000000000000000e+00
6.994000000000000000e+03,-3.268877528182022041e-01,0.000000000000000000e+00
6.995000000000000000e+03,-2.687180210823379434e-01,0.000000000000000000e+00
6.996000000000000000e+03,-3.124073251315439559e-01,0.000000000000000000e+00
6.997000000000000000e+03,-9.411188795672399687e-02,0.000000000000000000e+00
6.998000000000000000e+03,-5.776169511374809606e-02,0.000000000000000000e+00
6.999000000000000000e+03,1.353415044064241457e-01,0.000000000000000000e+00
7.000000000000000000e+03,1.817247356400317482e-01,0.000000000000000000e+00
7.001000000000000000e+03,4.379877922996168182e-01,0.000000000000000000e+00
7.002000000000000000e+03,2.369606608483186549e-01,0.000000000000000000e+00
7.003000000000000000e+03,3.623377411231429868e-01,0.000000000000000000e+00
7.004000000000000000e+03,1.301986721145513282e-01,0.000000000000000000e+00
7.005000000000000000e+03,-1.757694130806189692e-01,0.000000000000000000e+00
7.006000000000000000e+03,-2.278272031381228246e-01,0.000000000000000000e+00
7.007000000000000000e+03,-1.418275342664136740e-01,0.000000000000000000e+00
7.008000000000000000e+03,-1.410148726558721477e-01,0.000000000000000000e+00
7.009000000000000000e+03,-2.695316029402378688e-01,0.000000000000000000e+00
7.010000000000000000e+03,-1.767240479520646723e-01,0.000000000000000000e+00
7.011000000000000000e+03,-3.319028871453922891e-01,0.000000000000000000e+00
7.012000000000000000e+03,-2.336449206191825168e-01,0.000000000000000000e+00
7.013000000000000000e+03,-2.860465698274888280e-01,0.000000000000000000e+00
7.014000000000000000e+03,-1.746646311872069590e-01,0.000000000000000000e+00
7.015000000000000000e+03,-1.219513657091349582e-02,0.000000000000000000e+00
7.016000000000000000e+03,-7.880504549554507784e-03,0.000000000000000000e+00
7.017000000000000000e+03,-3.539058699485762849e-02,0.000000000000000000e+00
7.018000000000000000e+03,9.565348126597522649e-02,0.000000000000000000e+00
7.019000000000000000e+03,2.302075815417489735e-02,0.000000000000000000e+00
7.020000000000000000e+03,9.697699956686887945e-02,0.000000000000000000e+00
7.021000000000000000e+03,2.669348987053908259e-02,0.000000000000000000e+00
7.022000000000000000e+03,-2.360804429840575661e-02,0.000000000000000000e+00
7.023000000000000000e+03,5.886970626896846637e-02,0.000000000000000000e+00
7.024000000000000000e+03,-5.487793026118807649e-02,0.000000000000000000e+00
7.025000000000000000e+03,4.362694627841944527e-03,0.000000000000000000e+00
7.026000000000000000e+03,9.439695095046800322e-02,0.000000000000000000e+00
7.027000000000000000e+03,-2.048492989621198898e-02,0.000000000000000000e+00
7.028000000000000000e+03,-4.264940772962300120e-02,0.000000000000000000e+00
7.029000000000000000e+03,1.249329015636653634e-01,0.000000000000000000e+00
7.030000000000000000e+03,2.067618595354934474e-01,0.000000000000000000e+00
7.031000000000000000e+03,4.001864798955051539e-02,0.000000000000000000e+00
7.032000000000000000e+03,5.255650923434975752e-01,0.000000000000000000e+00
7.033000000000000000e+03,4.205687426609344137e-01,0.000000000000000000e+00
7.034000000000000000e+03,3.846544259420807688e-01,0.000000000000000000e+00
7.035000000000000000e+03,-3.584007302192481204e-01,0.000000000000000000e+00
7.036000000000000000e+03,-2.025285967206138238e-01,0.000000000000000000e+00
7.037000000000000000e+03,-5.737761996866781455e-01,0.000000000000000000e+00
7.038000000000000000e+03,6.404786329214823271e-02,0.000000000000000000e+00
7.039000000000000000e+03,-6.439549067514706016e-01,0.000000000000000000e+00
7.040000000000000000e+03,2.042340573253043079e+00,0.000000000000000000e+00
7.041000000000000000e+03,5.599633793442485796e+00,0.000000000000000000e+00
7.042000000000000000e+03,-2.923753910294843550e+00,1.000000000000000000e+00
7.043000000000000000e+03,-7.986634674710830772e-01,0.000000000000000000e+00
7.044000000000000000e+03,-1.082988800360891402e+00,0.000000000000000000e+00
7.045000000000000000e+03,-6.085955742323765350e-01,0.000000000000000000e+00
7.046000000000000000e+03,-6.334723758486715539e-01,0.000000000000000000e+00
7.047000000000000000e+03,-4.327039859427099788e-01,0.000000000000000000e+00
7.048000000000000000e+03,-3.798965726468214177e-01,0.000000000000000000e+00
7.049000000000000000e+03,-3.046486369167085706e-01,0.000000000000000000e+00
7.050000000000000000e+03,-4.111374951091906205e-01,0.000000000000000000e+00
7.051000000000000000e+03,-4.978158978759103515e-02,0.000000000000000000e+00
7.052000000000000000e+03,-3.252634086744456421e-01,0.000000000000000000e+00
7.053000000000000000e+03,1.670326000352161389e-01,0.000000000000000000e+00
7.054000000000000000e+03,-1.439174186275306022e-01,0.000000000000000000e+00
7.055000000000000000e+03,3.502609393189958786e-01,0.000000000000000000e+00
7.056000000000000000e+03,2.482709606129942792e-01,0.000000000000000000e+00
7.057000000000000000e+03,4.424315663727388936e-01,0.000000000000000000e+00
7.058000000000000000e+03,5.942385214377574054e-02,0.000000000000000000e+00
7.059000000000000000e+03,2.746000957692754443e-02,0.000000000000000000e+00
7.060000000000000000e+03,-1.753611155870514748e-01,0.000000000000000000e+00
7.061000000000000000e+03,-1.129692007138531074e-01,0.000000000000000000e+00
7.062000000000000000e+03,-2.514963323934469308e-01,0.000000000000000000e+00
7.063000000000000000e+03,-1.871611946025698858e-01,0.000000000000000000e+00
7.064000000000000000e+03,-3.533088770059887862e-01,0.000000000000000000e+00
7.065000000000000000e+03,-1.612373739165573194e-01,0.000000000000000000e+00
7.066000000000000000e+03,-2.249082199323099718e-01,0.000000000000000000e+00
7.067000000000000000e+03,-6.449480718615015207e-02,0.000000000000000000e+00
7.068000000000000000e+03,-1.291992123750324573e-01,0.000000000000000000e+00
7.069000000000000000e+03,-1.273923319015859631e-02,0.000000000000000000e+00
7.070000000000000000e+03,1.321618685866529988e-02,0.000000000000000000e+00
7.071000000000000000e+03,-1.183009971369245322e-01,0.000000000000000000e+00
7.072000000000000000e+03,8.383594626546835016e-02,0.000000000000000000e+00
7.073000000000000000e+03,1.480993781785786001e-02,0.000000000000000000e+00
7.074000000000000000e+03,-3.198207220070035245e-02,0.000000000000000000e+00
7.075000000000000000e+03,1.120871879631725604e-01,0.000000000000000000e+00
7.076000000000000000e+03,6.125810947595124872e-02,0.000000000000000000e+00
7.077000000000000000e+03,1.681155237271241346e-02,0.000000000000000000e+00
7.078000000000000000e+03,8.180091291496324746e-02,0.000000000000000000e+00
7.079000000000000000e+03,7.130026740686275233e-02,0.000000000000000000e+00
7.080000000000000000e+03,4.808504327226394322e-03,0.000000000000000000e+00
7.081000000000000000e+03,1.284240447714766198e-01,0.000000000000000000e+00
7.082000000000000000e+03,1.530921031788634035e-01,0.000000000000000000e+00
7.083000000000000000e+03,1.166279728121999287e-01,0.000000000000000000e+00
7.084000000000000000e+03,4.033339722897776314e-01,0.000000000000000000e+00
7.085000000000000000e+03,3.870115851342023072e-01,0.000000000000000000e+00
7.086000000000000000e+03,6.122026174039735258e-01,0.000000000000000000e+00
7.087000000000000000e+03,4.588498975146643732e-01,0.000000000000000000e+00
7.088000000000000000e+03,-2.062032314312159387e-01,0.000000000000000000e+00
7.089000000000000000e+03,-1.773392599158613858e-01,0.000000000000000000e+00
7.090000000000000000e+03,-1.459432520921547793e-01,0.000000000000000000e+00
7.091000000000000000e+03,-1.949823921428510687e-01,0.000000000000000000e+00
7.092000000000000000e+03,-1.088660911927344516e-01,0.000000000000000000e+00
7.093000000000000000e+03,9.825617987578784129e-01,0.000000000000000000e+00
7.094000000000000000e+03,5.776334326397828178e+00,0.000000000000000000e+00
7.095000000000000000e+03,-2.343873798551093124e+00,1.000000000000000000e+00
7.096000000000000000e+03,-1.806387865459946562e+00,0.000000000000000000e+00
7.097000000000000000e+03,-6.739668241153701223e-01,0.000000000000000000e+00
7.098000000000000000e+03,-9.127998121587759250e-01,0.000000000000000000e+00
7.099000000000000000e+03,-4.100642930625681415e-01,0.000000000000000000e+00
7.100000000000000000e+03,-5.196519093462199645e-01,0.000000000000000000e+00
7.101000000000000000e+03,-1.317887927757546151e-01,0.000000000000000000e+00
7.102000000000000000e+03,-4.146711930273518365e-01,0.000000000000000000e+00
7.103000000000000000e+03,-8.076658856110358053e-02,0.000000000000000000e+00
7.104000000000000000e+03,-1.768521833444613167e-01,0.000000000000000000e+00
7.105000000000000000e+03,5.494819078308400134e-02,0.000000000000000000e+00
7.106000000000000000e+03,-1.847276200756848424e-02,0.000000000000000000e+00
7.107000000000000000e+03,3.013582538826528046e-01,0.000000000000000000e+00
7.108000000000000000e+03,6.947190719754284260e-02,0.000000000000000000e+00
7.109000000000000000e+03,2.489343991250736465e-01,0.000000000000000000e+00
7.110000000000000000e+03,2.617279318238711072e-01,0.000000000000000000e+00
7.111000000000000000e+03,2.040729463924506604e-01,0.000000000000000000e+00
7.112000000000000000e+03,-1.107825759964232160e-01,0.000000000000000000e+00
7.113000000000000000e+03,-1.352855337032108085e-01,0.000000000000000000e+00
7.114000000000000000e+03,-3.636533925794483979e-01,0.000000000000000000e+00
7.115000000000000000e+03,-3.211840856726213556e-01,0.000000000000000000e+00
7.116000000000000000e+03,-2.740039731876104390e-01,0.000000000000000000e+00
7.117000000000000000e+03,-3.339785394452620682e-01,0.000000000000000000e+00
7.118000000000000000e+03,-2.985551304623871860e-01,0.000000000000000000e+00
7.119000000000000000e+03,-2.503310557136652625e-01,0.000000000000000000e+00
7.120000000000000000e+03,-2.373731429797852621e-01,0.000000000000000000e+00
7.121000000000000000e+03,-1.306012206352206440e-01,0.000000000000000000e+00
7.122000000000000000e+03,-1.543953483813952088e-01,0.000000000000000000e+00
7.123000000000000000e+03,9.007423443586470152e-03,0.000000000000000000e+00
7.124000000000000000e+03,1.432580983507136252e-01,0.000000000000000000e+00
7.125000000000000000e+03,4.490674384089632376e-02,0.000000000000000000e+00
7.126000000000000000e+03,8.089171733200002656e-02,0.000000000000000000e+00
7.127000000000000000e+03,2.442487945507524905e-01,0.000000000000000000e+00
7.128000000000000000e+03,-3.144066720806509146e-02,0.000000000000000000e+00
7.129000000000000000e+03,2.458953529193357024e-01,0.000000000000000000e+00
7.130000000000000000e+03,6.242125269134782967e-02,0.000000000000000000e+00
7.131000000000000000e+03,3.905620741574424848e-01,0.000000000000000000e+00
7.132000000000000000e+03,6.459539510258137385e-02,0.000000000000000000e+00
7.133000000000000000e+03,4.585329306957799389e-01,0.000000000000000000e+00
7.134000000000000000e+03,3.523845464252259307e-01,0.000000000000000000e+00
7.135000000000000000e+03,5.083202210529885745e-01,0.000000000000000000e+00
7.136000000000000000e+03,5.163136688534599728e-01,0.000000000000000000e+00
7.137000000000000000e+03,8.227354410311424893e-01,0.000000000000000000e+00
7.138000000000000000e+03,5.011661605897982374e-01,0.000000000000000000e+00
7.139000000000000000e+03,-5.503074787019061193e-02,0.000000000000000000e+00
7.140000000000000000e+03,-1.944154535298512065e-01,0.000000000000000000e+00
7.141000000000000000e+03,6.687189885494876362e-02,0.000000000000000000e+00
7.142000000000000000e+03,-2.124657734170924406e-01,0.000000000000000000e+00
7.143000000000000000e+03,6.344686191418661726e-03,0.000000000000000000e+00
7.144000000000000000e+03,9.708980469896372201e-01,0.000000000000000000e+00
7.145000000000000000e+03,5.665836997322569957e+00,0.000000000000000000e+00
7.146000000000000000e+03,-2.295074377984263503e+00,1.000000000000000000e+00
7.147000000000000000e+03,-1.720048053002575683e+00,0.000000000000000000e+00
7.148000000000000000e+03,-7.015029686505420692e-01,0.000000000000000000e+00
7.149000000000000000e+03,-6.791362058691196024e-01,0.000000000000000000e+00
7.150000000000000000e+03,-5.981074984894637625e-01,0.000000000000000000e+00
7.151000000000000000e+03,-5.216386952625438056e-01,0.000000000000000000e+00
7.152000000000000000e+03,-3.182900006181125785e-01,0.000000000000000000e+00
7.153000000000000000e+03,-3.185848257199866418e-01,0.000000000000000000e+00
7.154000000000000000e+03,-4.402150305328810798e-01,0.000000000000000000e+00
7.155000000000000000e+03,-3.130297533455903558e-01,0.000000000000000000e+00
7.156000000000000000e+03,-1.878680279451269419e-01,0.000000000000000000e+00
7.157000000000000000e+03,-7.050148452094019691e-02,0.000000000000000000e+00
7.158000000000000000e+03,2.107630611553108074e-02,0.000000000000000000e+00
7.159000000000000000e+03,1.172981984005632555e-01,0.000000000000000000e+00
7.160000000000000000e+03,1.654014650790608110e-01,0.000000000000000000e+00
7.161000000000000000e+03,2.850111026188020258e-01,0.000000000000000000e+00
7.162000000000000000e+03,-2.784177657935798730e-02,0.000000000000000000e+00
7.163000000000000000e+03,-8.360751320769474471e-02,0.000000000000000000e+00
7.164000000000000000e+03,-1.748334126369854025e-01,0.000000000000000000e+00
7.165000000000000000e+03,-4.538387922926515605e-01,0.000000000000000000e+00
7.166000000000000000e+03,-2.721205916607059572e-01,0.000000000000000000e+00
7.167000000000000000e+03,-2.843318060554440030e-01,0.000000000000000000e+00
7.168000000000000000e+03,-3.894599649666952157e-01,0.000000000000000000e+00
7.169000000000000000e+03,-1.944963147082845734e-01,0.000000000000000000e+00
7.170000000000000000e+03,-3.727826868686518469e-01,0.000000000000000000e+00
7.171000000000000000e+03,-6.510499275872975999e-02,0.000000000000000000e+00
7.172000000000000000e+03,-1.146324896896765144e-01,0.000000000000000000e+00
7.173000000000000000e+03,1.284468865271729335e-02,0.000000000000000000e+00
7.174000000000000000e+03,5.883125528954815525e-02,0.000000000000000000e+00
7.175000000000000000e+03,3.048345746927287256e-02,0.000000000000000000e+00
7.176000000000000000e+03,-4.974596233453121297e-02,0.000000000000000000e+00
7.177000000000000000e+03,3.792102079740397591e-02,0.000000000000000000e+00
7.178000000000000000e+03,3.206903510936518625e-02,0.000000000000000000e+00
7.179000000000000000e+03,9.350503112999117294e-02,0.000000000000000000e+00
7.180000000000000000e+03,-7.775369125257018427e-05,0.000000000000000000e+00
7.181000000000000000e+03,6.369194410636594417e-02,0.000000000000000000e+00
7.182000000000000000e+03,-4.619551976312528604e-03,0.000000000000000000e+00
7.183000000000000000e+03,8.749065651965433343e-02,0.000000000000000000e+00
7.184000000000000000e+03,-5.598025043532682543e-02,0.000000000000000000e+00
7.185000000000000000e+03,1.916350270789733690e-02,0.000000000000000000e+00
7.186000000000000000e+03,8.885718737044442928e-02,0.000000000000000000e+00
7.187000000000000000e+03,4.336735671298949102e-01,0.000000000000000000e+00
7.188000000000000000e+03,2.348418962158467238e-01,0.000000000000000000e+00
7.189000000000000000e+03,5.762660730884207050e-01,0.000000000000000000e+00
7.190000000000000000e+03,1.765174680960800435e-01,0.000000000000000000e+00
7.191000000000000000e+03,2.256125630762130518e-01,0.000000000000000000e+00
7.192000000000000000e+03,-5.394723687485792896e-01,0.000000000000000000e+00
7.193000000000000000e+03,1.845822806361854113e-02,0.000000000000000000e+00
7.194000000000000000e+03,-7.424779089037915059e-01,0.000000000000000000e+00
7.195000000000000000e+03,3.202313458974980764e-01,0.000000000000000000e+00
7.196000000000000000e+03,-7.229460051954619271e-01,0.000000000000000000e+00
7.197000000000000000e+03,4.949778727930812749e+00,0.000000000000000000e+00
7.198000000000000000e+03,1.847651869493467602e+00,1.000000000000000000e+00
7.199000000000000000e+03,-3.234629219783014431e+00,0.000000000000000000e+00
